1.63,817,0.140
1.73,817,0.140
1.83,816,0.140
1.93,817,0.140
2.03,816,0.140
2.13,816,0.140
2.23,816,0.140
2.33,816,0.140
2.43,816,0.140
2.53,817,0.140
2.63,817,0.140
2.73,817,0.140
2.83,816,0.140
2.93,817,0.140
3.03,816,0.140
3.13,816,0.140
3.23,817,0.140
3.33,816,0.140
3.43,817,0.140
3.53,817,0.140
3.63,817,0.140
3.73,817,0.140
3.83,816,0.140
3.93,816,0.140
4.03,817,0.140
4.13,816,0.140
4.23,816,0.140
4.33,817,0.140
4.43,817,0.140
4.53,816,0.140
4.63,816,0.140
4.73,817,0.140
4.83,817,0.140
4.93,817,0.140
5.03,816,0.140
5.13,816,0.140
5.23,816,0.140
5.33,817,0.140
5.43,816,0.140
5.53,817,0.140
5.63,817,0.140
5.73,816,0.140
5.83,816,0.140
5.93,817,0.140
6.03,817,0.140
6.13,816,0.140
6.23,816,0.140
6.33,817,0.140
6.43,817,0.140
6.53,817,0.140
6.63,816,0.140
6.73,816,0.140
6.83,817,0.140
6.93,816,0.140
7.03,817,0.140
7.13,816,0.140
7.23,816,0.140
7.33,817,0.140
7.43,816,0.140
7.53,816,0.140
7.63,817,0.140
7.73,816,0.140
7.83,817,0.140
7.93,816,0.140
8.03,816,0.140
8.13,816,0.140
8.23,816,0.140
8.33,817,0.140
8.43,816,0.140
8.53,816,0.140
8.63,816,0.140
8.73,817,0.140
8.83,816,0.140
8.93,817,0.140
9.03,816,0.140
9.13,816,0.140
9.23,817,0.140
9.33,817,0.140
9.43,816,0.140
9.53,817,0.140
9.63,816,0.140
9.73,816,0.140
9.83,816,0.140
9.93,817,0.140
10.03,817,0.140
10.13,817,0.140
10.23,816,0.140
10.33,817,0.140
10.43,816,0.140
10.53,817,0.140
10.63,816,0.140
10.73,816,0.140
10.83,817,0.140
10.93,817,0.140
11.03,816,0.140
11.13,817,0.140
11.23,817,0.140
11.33,817,0.140
11.43,817,0.140
11.53,816,0.140
11.63,816,0.140
