1.83,22,777,0.133
1.93,20,777,0.133
2.03,18,777,0.133
2.13,16,855,0.147
2.23,14,855,0.147
2.33,12,855,0.147
2.43,10,855,0.147
2.53,8,854,0.146
2.63,6,855,0.147
2.73,4,855,0.147
2.83,2,855,0.147
2.93,0,854,0.146
3.03,-2,777,0.133
3.13,-4,777,0.133
3.23,-6,776,0.133
3.33,-8,855,0.147
3.43,-10,855,0.147
3.53,-12,854,0.146
3.63,-14,855,0.147
3.73,-16,855,0.147
3.83,-18,854,0.146
3.93,-20,855,0.147
4.03,-22,855,0.147
4.13,-24,855,0.147
4.23,-26,855,0.147
4.33,-28,854,0.146
4.43,-30,855,0.147
4.53,-28,855,0.147
4.63,-26,855,0.147
4.73,-24,855,0.147
4.83,-22,855,0.147
4.93,-20,855,0.147
5.03,-18,854,0.146
5.13,-16,855,0.147
5.23,-14,855,0.147
5.33,-12,854,0.146
5.43,-10,855,0.147
5.53,-8,854,0.146
5.63,-6,855,0.147
5.73,-4,855,0.147
5.83,-2,854,0.146
5.93,0,854,0.146
6.03,2,855,0.147
6.13,4,855,0.147
6.23,6,854,0.146
6.33,8,854,0.146
6.43,10,855,0.147
6.53,12,855,0.147
6.63,14,855,0.147
6.73,16,855,0.147
6.83,18,854,0.146
6.93,20,855,0.147
7.03,22,855,0.147
7.13,24,855,0.147
7.23,26,855,0.147
7.33,28,854,0.146
7.43,30,854,0.146
7.53,28,855,0.147
7.63,26,855,0.147
7.73,24,855,0.147
7.83,22,855,0.147
7.93,20,855,0.147
8.03,18,855,0.147
8.13,16,855,0.147
8.23,14,855,0.147
8.33,12,855,0.147
8.43,10,855,0.147
8.53,8,855,0.147
8.63,6,855,0.147
8.73,4,854,0.146
8.83,2,854,0.146
8.93,0,855,0.147
9.03,-2,854,0.146
9.13,-4,854,0.146
9.23,-6,855,0.147
9.33,-8,855,0.147
9.43,-10,855,0.147
9.53,-12,855,0.147
9.63,-14,855,0.147
9.73,-16,855,0.147
9.83,-18,855,0.147
9.93,-20,855,0.147
10.03,-22,855,0.147
10.13,-24,854,0.146
10.23,-26,855,0.147
10.33,-28,854,0.146
10.43,-30,854,0.146
10.53,-28,855,0.147
10.63,-26,854,0.146
10.73,-24,855,0.147
10.83,-22,854,0.146
10.93,-20,855,0.147
11.03,-18,854,0.146
11.13,-16,855,0.147
11.23,-14,855,0.147
11.33,-12,855,0.147
11.43,-10,855,0.147
11.53,-8,854,0.146
11.63,-6,854,0.146
11.73,-4,855,0.147
11.83,-2,855,0.147
11.93,0,855,0.147
12.03,2,854,0.146
12.13,4,855,0.147
12.23,6,854,0.146
12.33,8,855,0.147
12.43,10,855,0.147
12.53,12,855,0.147
12.63,14,855,0.147
12.73,16,854,0.146
12.83,18,855,0.147
12.93,20,855,0.147
13.03,22,855,0.147
13.13,24,854,0.146
13.23,26,855,0.147
13.33,28,855,0.147
13.43,30,855,0.147
13.53,28,855,0.147
13.63,26,855,0.147
13.73,24,855,0.147
13.83,22,855,0.147
13.93,20,855,0.147
14.03,18,855,0.147
14.13,16,855,0.147
14.23,14,855,0.147
14.33,12,855,0.147
14.43,10,855,0.147
14.53,8,854,0.146
14.63,6,855,0.147
14.73,4,855,0.147
14.83,2,855,0.147
14.93,0,855,0.147
15.03,-2,855,0.147
15.13,-4,855,0.147
15.23,-6,855,0.147
15.33,-8,854,0.146
15.43,-10,854,0.146
15.53,-12,855,0.147
15.63,-14,855,0.147
15.73,-16,854,0.146
15.83,-18,855,0.147
15.93,-20,855,0.147
16.03,-22,854,0.146
16.13,-24,855,0.147
16.23,-26,854,0.146
16.33,-28,855,0.147
16.43,-30,855,0.147
16.53,-28,854,0.146
16.63,-26,855,0.147
16.73,-24,855,0.147
16.83,-22,855,0.147
16.93,-20,854,0.146
17.03,-18,855,0.147
17.13,-16,855,0.147
17.23,-14,855,0.147
17.33,-12,855,0.147
17.43,-10,855,0.147
17.53,-8,855,0.147
17.63,-6,855,0.147
17.73,-4,855,0.147
17.83,-2,854,0.146
17.93,0,855,0.147
18.03,2,854,0.146
18.13,4,855,0.147
18.23,6,855,0.147
18.33,8,855,0.147
18.43,10,854,0.146
18.53,12,855,0.147
18.63,14,855,0.147
18.73,16,855,0.147
18.83,18,855,0.147
18.93,20,854,0.146
19.03,22,855,0.147
19.13,24,855,0.147
19.23,26,854,0.146
19.33,28,855,0.147
19.43,30,855,0.147
19.53,28,855,0.147
19.63,26,854,0.146
19.73,24,855,0.147
19.83,22,855,0.147
19.93,20,855,0.147
Step 5 done; servo back at 0
[0;32mI (20653) main_task: Returned from app_main()[0m
