T,297,6000384,1,0
T,298,6020384,1,0
Droids is running: 6 seconds
T,299,6040384,1,0
T,300,6060384,1,0
T,301,6080384,1,0
T,302,6100384,1,0
T,303,6120384,1,0
T,304,6140384,1,0
T,305,6160384,1,0
T,306,6180384,1,0
T,307,6200384,1,0
T,308,6220384,1,0
T,309,6240384,1,0
T,310,6260384,1,0
T,311,6280384,1,0
T,312,6300384,1,0
T,313,6320384,1,0
T,314,6340384,1,0
T,315,6360384,1,0
T,316,6380384,1,0
T,317,6400384,1,0
T,318,6420384,1,0
T,319,6440384,1,0
T,320,6460384,1,0
T,321,6480384,1,0
T,322,6500384,1,0
T,323,6520384,1,0
T,324,6540384,1,0
T,325,6560384,1,0
T,326,6580384,1,0
T,327,6600384,1,0
T,328,6620384,1,0
T,329,6640384,1,0
T,330,6660384,1,0
T,331,6680384,1,0
T,332,6700384,1,0
T,333,6720384,1,0
T,334,6740384,1,0
T,335,6760384,1,0
T,336,6780384,1,0
T,337,6800384,1,0
T,338,6820384,1,0
T,339,6840384,1,0
T,340,6860384,1,0
T,341,6880384,1,0
T,342,6900384,1,0
T,343,6920384,1,0
T,344,6940384,1,0
T,345,6960384,1,0
T,346,6980384,1,0
T,347,7000384,1,0
T,348,7020384,1,0
Droids is running: 7 seconds
T,349,7040384,1,0
T,350,7060384,1,0
T,351,7080384,1,0
T,352,7100384,1,0
T,353,7120384,1,0
T,354,7140384,1,0
T,355,7160384,1,0
T,356,7180384,1,0
T,357,7200384,1,0
T,358,7220384,1,0
T,359,7240384,1,0
T,360,7260384,1,0
T,361,7280384,1,0
T,362,7300384,1,0
T,363,7320384,1,0
T,364,7340384,1,0
T,365,7360384,1,0
T,366,7380384,1,0
T,367,7400384,1,0
T,368,7420384,1,0
T,369,7440384,1,0
T,370,7460384,1,0
T,371,7480384,1,0
T,372,7500384,1,0
T,373,7520384,1,0
T,374,7540384,1,0
T,375,7560384,1,0
T,376,7580384,1,0
T,377,7600384,1,0
T,378,7620384,1,0
T,379,7640384,1,0
T,380,7660384,1,0
T,381,7680384,1,0
T,382,7700384,1,0
T,383,7720384,1,0
T,384,7740384,1,0
T,385,7760384,1,0
T,386,7780384,1,0
T,387,7800384,1,0
T,388,7820384,1,0
T,389,7840384,1,0
T,390,7860384,1,0
T,391,7880384,1,0
T,392,7900384,1,0
T,393,7920384,1,0
T,394,7940384,1,0
T,395,7960384,1,0
T,396,7980384,1,0
T,397,8000384,1,0
T,398,8020384,1,0
Droids is running: 8 seconds
T,399,8040384,1,0
T,400,8060384,1,0
T,401,8080384,1,0
T,402,8100384,1,0
T,403,8120384,1,0
T,404,8140384,1,0
T,405,8160384,1,0
T,406,8180384,1,0
T,407,8200384,1,0
T,408,8220384,1,0
T,409,8240384,1,0
T,410,8260384,1,0
T,411,8280384,1,0
T,412,8300384,1,0
T,413,8320384,1,0
T,414,8340384,1,0
T,415,8360384,1,0
T,416,8380384,1,0
T,417,8400384,1,0
T,418,8420384,1,0
T,419,8440384,1,0
T,420,8460384,1,0
T,421,8480384,1,0
T,422,8500384,1,0
T,423,8520384,1,0
T,424,8540384,1,0
T,425,8560384,1,0
T,426,8580384,1,0
T,427,8600384,1,0
T,428,8620384,1,0
T,429,8640384,1,0
T,430,8660384,1,0
T,431,8680384,1,0
T,432,8700384,1,0
T,433,8720384,1,0
T,434,8740384,1,0
T,435,8760384,1,0
T,436,8780384,1,0
T,437,8800384,1,0
T,438,8820384,1,0
T,439,8840384,1,0
T,440,8860384,1,0
T,441,8880384,1,0
T,442,8900384,1,0
T,443,8920384,1,0
T,444,8940384,1,0
T,445,8960384,1,0
T,446,8980384,1,0
T,447,9000384,1,0
T,448,9020384,1,0
Droids is running: 9 seconds
T,449,9040384,1,0
T,450,9060384,1,0
T,451,9080384,1,0
T,452,9100384,1,0
T,453,9120384,1,0
T,454,9140384,1,0
T,455,9160384,1,0
T,456,9180384,1,0
T,457,9200384,1,0
T,458,9220384,1,0
T,459,9240384,1,0
T,460,9260384,1,0
T,461,9280384,1,0
T,462,9300384,1,0
T,463,9320384,1,0
T,464,9340384,1,0
T,465,9360384,1,0
T,466,9380384,1,0
T,467,9400384,1,0
T,468,9420384,1,0
T,469,9440384,1,0
T,470,9460384,1,0
T,471,9480384,1,0
T,472,9500384,1,0
T,473,9520384,1,0
T,474,9540384,1,0
T,475,9560384,1,0
T,476,9580384,1,0
T,477,9600384,1,0
T,478,9620384,1,0
T,479,9640384,1,0
T,480,9660384,1,0
T,481,9680384,1,0
T,482,9700384,1,0
T,483,9720384,1,0
T,484,9740384,1,0
T,485,9760384,1,0
T,486,9780384,1,0
T,487,9800384,1,0
T,488,9820384,1,0
T,489,9840384,1,0
T,490,9860384,1,0
T,491,9880384,1,0
T,492,9900384,1,0
T,493,9920384,1,0
T,494,9940384,1,0
T,495,9960384,1,0
T,496,9980384,1,0
T,497,10000384,1,0
T,498,10020384,1,0
Droids is running: 10 seconds
T,499,10040384,1,0
T,500,10060384,1,0
T,501,10080384,1,0
T,502,10100384,1,0
T,503,10120384,1,0
T,504,10140384,1,0
T,505,10160384,1,0
T,506,10180384,1,0
T,507,10200384,1,0
T,508,10220384,1,0
T,509,10240384,1,0
T,510,10260384,1,0
T,511,10280384,1,0
T,512,10300384,1,0
T,513,10320384,1,0
T,514,10340384,1,0
T,515,10360384,1,0
T,516,10380384,1,0
T,517,10400384,1,0
T,518,10420384,1,0
T,519,10440384,1,0
T,520,10460384,1,0
T,521,10480384,1,0
T,522,10500384,1,0
T,523,10520384,1,0
T,524,10540384,1,0
T,525,10560384,1,0
T,526,10580384,1,0
T,527,10600384,1,0
T,528,10620384,1,0
T,529,10640384,1,1
T,530,10660384,1,1
T,531,10680384,1,1
T,532,10700384,1,1
T,533,10720384,1,1
T,534,10740384,1,1
T,535,10760384,1,1
T,536,10780384,1,1
T,537,10800384,1,1
T,538,10820384,1,1
T,539,10840384,1,1
T,540,10860384,1,1
T,541,10880384,1,1
T,542,10900384,1,1
T,543,10920384,1,1
T,544,10940384,1,1
T,545,10960384,1,1
T,546,10980384,1,1
T,547,11000384,1,1
T,548,11020384,1,1
Droids is running: 11 seconds
T,549,11040384,1,0
T,550,11060384,1,0
T,551,11080384,1,0
T,552,11100384,1,0
T,553,11120384,1,0
T,554,11140384,1,0
T,555,11160384,1,0
T,556,11180384,1,0
T,557,11200384,1,0
T,558,11220384,1,0
T,559,11240384,1,0
T,560,11260384,1,0
T,561,11280384,1,0
T,562,11300384,1,0
T,563,11320384,1,0
T,564,11340384,1,0
T,565,11360384,1,0
T,566,11380384,1,0
T,567,11400384,1,0
T,568,11420384,1,0
T,569,11440384,1,0
T,570,11460384,1,0
T,571,11480384,1,0
T,572,11500384,1,0
T,573,11520384,1,0
T,574,11540384,1,0
T,575,11560384,1,0
T,576,11580384,1,0
T,577,11600384,1,0
T,578,11620384,1,0
T,579,11640384,1,0
T,580,11660384,1,0
T,581,11680384,1,0
T,582,11700384,1,0
T,583,11720384,1,0
T,584,11740384,1,0
T,585,11760384,1,0
T,586,11780384,1,0
T,587,11800384,1,0
T,588,11820384,1,0
T,589,11840384,1,0
T,590,11860384,1,0
T,591,11880384,1,0
T,592,11900384,1,0
T,593,11920384,1,0
T,594,11940384,1,0
T,595,11960384,1,0
T,596,11980384,1,0
T,597,12000384,1,0
T,598,12020384,1,0
Droids is running: 12 seconds
T,599,12040384,1,0
T,600,12060384,1,0
T,601,12080384,1,0
T,602,12100384,1,0
T,603,12120384,1,0
T,604,12140384,1,0
T,605,12160384,1,0
T,606,12180384,1,0
T,607,12200384,1,0
T,608,12220384,1,0
T,609,12240384,1,0
T,610,12260384,1,0
T,611,12280384,1,0
T,612,12300384,1,0
T,613,12320384,1,0
T,614,12340384,1,0
T,615,12360384,1,0
T,616,12380384,1,0
T,617,12400384,1,0
T,618,12420384,1,0
T,619,12440384,1,0
T,620,12460384,1,0
T,621,12480384,1,0
T,622,12500384,1,0
T,623,12520384,1,0
T,624,12540384,1,0
T,625,12560384,1,0
T,626,12580384,1,0
T,627,12600384,1,0
T,628,12620384,1,0
T,629,12640384,1,0
T,630,12660384,1,0
T,631,12680384,1,0
T,632,12700384,1,0
T,633,12720384,1,0
T,634,12740384,1,0
T,635,12760384,1,0
T,636,12780384,1,0
T,637,12800384,1,0
T,638,12820384,1,0
T,639,12840384,1,0
T,640,12860384,1,0
T,641,12880384,1,0
T,642,12900384,1,0
T,643,12920384,1,0
T,644,12940384,1,0
T,645,12960384,1,0
T,646,12980384,1,0
T,647,13000384,1,0
T,648,13020384,1,0
Droids is running: 13 seconds
T,649,13040384,1,0
T,650,13060384,1,0
T,651,13080384,1,0
T,652,13100384,1,0
T,653,13120384,1,0
T,654,13140384,1,0
T,655,13160384,1,0
T,656,13180384,1,0
T,657,13200384,1,0
T,658,13220384,1,0
T,659,13240384,1,0
T,660,13260384,1,0
T,661,13280384,1,0
T,662,13300384,1,0
T,663,13320384,1,0
T,664,13340384,1,0
T,665,13360384,1,0
T,666,13380384,1,0
T,667,13400384,1,0
T,668,13420384,1,0
T,669,13440384,1,0
T,670,13460384,1,0
T,671,13480384,1,0
T,672,13500384,1,0
T,673,13520384,1,0
T,674,13540384,1,0
T,675,13560384,1,0
T,676,13580384,1,0
T,677,13600384,1,0
T,678,13620384,1,0
T,679,13640384,1,0
T,680,13660384,1,0
T,681,13680384,1,0
T,682,13700384,1,0
T,683,13720384,1,0
T,684,13740384,1,0
T,685,13760384,1,0
T,686,13780384,1,0
T,687,13800384,1,0
T,688,13820384,1,0
T,689,13840384,1,0
T,690,13860384,1,0
T,691,13880384,1,0
T,692,13900384,1,0
T,693,13920384,1,0
T,694,13940384,1,0
T,695,13960384,1,0
T,696,13980384,1,0
T,697,14000384,1,0
T,698,14020384,1,0
Droids is running: 14 seconds
T,699,14040384,1,0
T,700,14060384,1,0
T,701,14080384,1,0
T,702,14100384,1,0
T,703,14120384,1,0
T,704,14140384,1,0
T,705,14160384,1,0
T,706,14180384,1,0
T,707,14200384,1,0
T,708,14220384,1,0
T,709,14240384,1,0
T,710,14260384,1,0
T,711,14280384,1,0
T,712,14300384,1,0
T,713,14320384,1,0
T,714,14340384,1,0
T,715,14360384,1,0
T,716,14380384,1,0
T,717,14400384,1,0
T,718,14420384,1,0
T,719,14440384,1,0
T,720,14460384,1,0
T,721,14480384,1,0
T,722,14500384,1,0
T,723,14520384,1,0
T,724,14540384,1,0
T,725,14560384,1,0
T,726,14580384,1,0
T,727,14600384,1,0
T,728,14620384,1,0
T,729,14640384,1,0
T,730,14660384,1,0
T,731,14680384,1,0
T,732,14700384,1,0
T,733,14720384,1,0
T,734,14740384,1,0
T,735,14760384,1,0
