Starting in 2...
Starting in 1...
Go!
time_s,dt_ms,gyro_only_deg,accel_deg,filtered_deg
16.28,10.00,2.01,2.20,2.05
16.38,10.00,2.01,2.40,2.04
16.48,10.00,2.01,2.08,2.04
16.58,10.00,2.01,2.33,2.06
16.68,10.00,2.01,2.12,2.08
16.78,10.00,2.01,1.79,2.09
16.88,10.00,2.01,1.76,2.08
16.98,10.00,2.00,1.78,2.08
17.08,10.00,2.00,2.16,2.09
17.18,10.00,2.00,1.84,2.08
17.28,10.00,2.00,2.08,2.08
17.38,10.00,2.00,2.04,2.08
17.48,10.00,2.00,2.05,2.08
17.58,10.00,2.00,2.59,2.09
17.68,10.00,2.00,2.20,2.08
17.78,10.00,2.00,1.96,2.09
17.88,10.00,2.00,2.49,2.09
17.98,10.00,2.00,2.12,2.08
18.08,10.00,2.00,2.03,2.09
18.18,10.00,2.00,2.01,2.09
18.28,10.00,2.00,1.93,2.09
18.38,10.00,2.00,2.26,2.09
18.48,10.00,2.01,1.79,2.11
18.58,10.00,2.00,1.88,2.11
18.68,10.00,2.00,1.98,2.09
18.78,10.00,2.00,2.09,2.09
18.88,10.00,2.00,2.45,2.10
18.98,10.00,2.00,2.18,2.11
19.08,10.00,2.00,1.97,2.11
19.18,10.00,2.00,2.05,2.10
19.28,10.00,2.00,2.19,2.09
19.38,10.00,2.00,2.40,2.12
19.48,10.00,2.00,1.96,2.12
19.58,10.00,2.00,2.48,2.13
19.68,10.00,2.00,1.96,2.12
19.78,10.00,2.00,2.10,2.12
19.88,10.00,2.00,2.20,2.13
19.98,10.00,2.00,2.10,2.13
20.08,10.00,2.00,2.00,2.12
20.18,10.00,1.99,1.99,2.09
20.28,10.00,1.99,2.26,2.09
20.38,10.00,1.99,2.32,2.08
20.48,10.00,1.98,2.14,2.07
20.58,10.00,1.99,2.15,2.08
20.68,10.00,1.99,2.04,2.10
20.78,10.00,1.99,2.44,2.11
20.88,10.00,1.99,2.06,2.12
20.98,10.00,1.99,2.25,2.10
21.08,10.00,1.99,2.09,2.09
21.18,10.00,1.99,2.13,2.12
21.28,10.00,1.99,2.09,2.10
21.38,10.00,1.99,2.64,2.11
21.48,10.00,1.99,2.09,2.11
21.58,10.00,1.99,2.12,2.10
21.68,10.00,2.00,1.92,2.09
21.78,10.00,2.00,2.38,2.10
21.88,10.00,2.00,2.19,2.12
21.98,10.00,2.00,2.13,2.11
22.08,10.00,1.99,2.26,2.12
22.18,10.00,1.99,2.12,2.12
22.28,10.00,1.99,2.29,2.12
22.38,10.00,1.99,2.07,2.12
22.48,10.00,1.99,2.06,2.12
22.58,10.00,1.99,2.15,2.11
22.68,10.00,1.89,-0.38,2.01
22.78,10.00,1.93,0.85,2.01
22.88,10.00,2.86,3.66,2.95
22.98,10.00,5.42,4.50,5.57
23.08,10.00,9.09,8.57,9.23
23.18,10.00,13.75,13.83,13.65
23.28,10.00,17.27,16.00,17.21
23.38,10.00,20.09,19.88,20.07
23.48,10.00,23.59,23.91,23.46
23.58,10.00,26.64,28.27,26.56
23.68,10.00,27.77,29.55,27.90
23.78,10.00,29.86,29.78,29.83
23.88,10.00,32.06,31.65,32.08
23.98,10.00,33.74,34.45,33.85
24.08,10.00,33.97,34.13,34.08
24.18,10.00,33.45,32.88,33.64
24.28,10.00,33.27,34.12,33.42
24.38,10.00,32.56,31.96,32.74
24.48,10.00,32.14,32.10,32.29
24.58,10.00,32.12,31.63,32.22
24.68,10.00,32.77,31.30,32.84
24.78,10.00,33.24,31.84,33.32
24.88,10.00,33.91,34.72,34.00
24.98,10.00,34.19,33.89,34.36
25.08,10.00,34.62,33.54,34.70
25.18,10.00,35.52,36.27,35.63
25.28,10.00,35.81,36.82,35.99
25.38,10.00,35.65,36.41,35.80
25.48,10.00,35.26,35.81,35.49
25.58,10.00,34.59,34.85,34.85
25.68,10.00,33.25,35.36,33.63
25.78,10.00,31.05,31.20,31.39
25.88,10.00,29.56,29.80,29.82
25.98,10.00,28.65,30.64,28.87
26.08,10.00,26.80,27.49,27.01
26.18,10.00,24.77,22.95,25.08
26.28,10.00,23.68,27.89,24.00
26.38,10.00,21.66,23.21,21.91
26.48,10.00,19.78,19.58,20.00
26.58,10.00,17.65,16.44,17.88
26.68,10.00,16.80,16.19,16.93
26.78,10.00,15.87,16.00,16.01
26.88,10.00,15.04,16.15,15.17
26.98,10.00,14.04,13.60,14.11
27.08,10.00,13.68,14.62,13.79
27.18,10.00,12.57,12.81,12.66
27.28,10.00,11.61,11.39,11.68
27.38,10.00,10.94,11.21,11.01
27.48,10.00,9.87,10.68,9.97
27.58,10.00,8.15,9.25,8.25
27.68,10.00,5.71,6.51,5.83
27.78,10.00,2.56,3.34,2.63
27.88,10.00,2.29,1.96,2.27
27.98,10.00,2.23,2.41,2.17
28.08,10.00,2.21,1.82,2.18
28.18,10.00,2.23,12.30,2.25
28.28,10.00,2.23,1.97,2.21
28.38,10.00,2.22,2.14,2.18
28.48,10.00,2.22,2.37,2.18
28.58,10.00,2.22,1.94,2.17
28.68,10.00,2.23,2.10,2.17
28.78,10.00,2.22,2.18,2.17
28.88,10.00,2.22,2.10,2.16
28.98,10.00,2.23,2.34,2.16
29.08,10.00,2.23,2.04,2.14
29.18,10.00,2.23,2.17,2.14
29.28,10.00,2.23,1.86,2.12
29.38,10.00,2.24,2.51,2.13
29.48,10.00,2.24,2.37,2.13
29.58,10.00,2.24,2.54,2.13
29.68,10.00,2.24,2.10,2.13
29.78,10.00,2.23,2.10,2.11
29.88,10.00,2.23,2.16,2.11
29.98,10.00,2.24,1.67,2.10
30.08,10.00,2.24,2.23,2.10
30.18,10.00,2.24,1.86,2.09
30.28,10.00,2.24,2.11,2.09
30.38,10.00,2.24,1.78,2.09
30.48,10.00,2.24,1.87,2.08
30.58,10.00,2.23,1.66,2.06
30.68,10.00,2.23,2.21,2.05
30.78,10.00,2.23,1.92,2.05
30.88,10.00,2.23,1.92,2.06
30.98,10.00,2.23,1.81,2.06
31.08,10.00,2.24,2.00,2.07
31.18,10.00,2.24,2.32,2.10
31.28,10.00,2.24,2.23,2.09
31.38,10.00,2.24,2.04,2.10
31.48,10.00,2.25,2.09,2.10
31.58,10.00,2.25,2.22,2.09
31.68,10.00,2.25,2.45,2.11
31.78,10.00,2.26,1.89,2.12
31.88,10.00,2.23,-1.93,2.10
31.98,10.00,2.27,2.15,2.17
32.08,10.00,1.56,3.55,1.79
32.18,10.00,-0.33,-12.73,-2.25
32.28,10.00,-0.64,-5.28,-2.13
32.38,10.00,0.03,4.11,-2.96
32.48,10.00,1.44,3.67,-1.63
32.58,10.00,1.94,-10.73,0.12
32.68,10.00,2.28,5.87,1.10
32.78,10.00,1.80,8.34,1.10
32.88,10.00,0.14,-7.32,-1.01
32.98,10.00,0.01,-9.54,-3.30
33.08,10.00,1.52,-22.99,-2.39
33.18,10.00,3.08,-4.21,-0.95
33.28,10.00,3.58,6.16,0.63
33.38,10.00,2.55,14.25,0.88
33.48,10.00,0.05,-6.07,-4.17
33.58,10.00,-0.98,-1.79,-5.50
33.68,10.00,-0.07,-9.96,-5.73
33.78,10.00,2.46,-8.68,-4.64
33.88,10.00,3.77,0.79,-1.85
33.98,10.00,4.20,2.45,-0.43
34.08,10.00,3.44,12.74,0.57
34.18,10.00,0.93,-27.34,-3.73
34.28,10.00,-0.87,-8.72,-6.29
34.38,10.00,-1.74,-3.88,-6.40
34.48,10.00,-0.93,-1.34,-5.15
34.58,10.00,-0.14,-5.26,-2.95
34.68,10.00,1.21,-7.28,-3.29
34.78,10.00,2.36,9.90,-0.97
34.88,10.00,2.87,4.60,-0.30
34.98,10.00,3.07,1.86,0.27
35.08,10.00,3.06,1.88,0.64
35.18,10.00,3.06,1.99,0.87
35.28,10.00,3.06,2.01,1.09
35.38,10.00,3.06,1.78,1.26
35.48,10.00,3.06,1.95,1.39
35.58,10.00,3.03,2.58,1.61
35.68,10.00,2.62,4.30,1.89
35.78,10.00,0.80,-7.12,0.00
35.88,10.00,-0.02,3.13,-2.11
35.98,10.00,-0.26,-1.08,-1.82
36.08,10.00,0.10,6.56,-1.36
36.18,10.00,1.04,-2.26,-1.00
36.28,10.00,2.74,-2.26,0.27
36.38,10.00,4.43,-7.58,1.16
36.48,10.00,6.28,8.35,1.89
36.58,10.00,6.49,1.25,2.43
36.68,10.00,6.42,-1.44,2.30
36.78,10.00,5.71,6.54,1.78
36.88,10.00,4.08,-11.33,-0.85
36.98,10.00,3.01,5.67,-2.09
37.08,10.00,1.26,-4.36,-4.21
37.18,10.00,0.65,-1.75,-3.58
37.28,10.00,0.01,-0.46,-3.41
37.38,10.00,0.06,-7.55,-2.79
37.48,10.00,1.15,2.76,-1.53
37.58,10.00,2.00,-1.41,-0.26
37.68,10.00,2.59,5.10,0.84
37.78,10.00,2.61,2.26,1.12
37.88,10.00,2.61,2.13,1.30
37.98,10.00,2.61,2.15,1.44
38.08,10.00,2.59,1.91,1.54
38.18,10.00,2.59,2.10,1.64
38.28,10.00,2.58,1.87,1.73
38.38,10.00,2.58,2.22,1.80
38.48,10.00,2.58,1.98,1.85
38.58,10.00,2.59,2.26,1.87
38.68,10.00,2.59,1.94,1.92
38.78,10.00,2.60,2.30,1.96
38.88,10.00,2.59,2.03,1.99
38.98,10.00,2.59,2.33,2.02
39.08,10.00,2.59,2.28,2.02
39.18,10.00,2.58,1.90,2.02
39.28,10.00,2.58,2.32,2.05
39.38,10.00,2.58,2.01,2.05
39.48,10.00,2.58,2.11,2.07
39.58,10.00,2.58,2.19,2.05
39.68,10.00,2.58,2.05,2.06
39.78,10.00,2.58,2.06,2.08
39.88,10.00,2.58,1.90,2.08
39.98,10.00,2.58,1.62,2.06
40.08,10.00,2.58,1.97,2.06
40.18,10.00,2.58,2.34,2.08
40.28,10.00,2.58,2.16,2.08
40.38,10.00,2.59,1.98,2.07
40.48,10.00,2.59,1.93,2.07
40.58,10.00,2.59,1.85,2.07
40.68,10.00,2.59,2.22,2.08
40.78,10.00,2.59,1.67,2.07
40.88,10.00,2.58,2.23,2.09
40.98,10.00,2.58,2.08,2.10
41.08,10.00,2.58,2.05,2.09
41.18,10.00,2.58,2.17,2.08
41.28,10.00,2.58,2.10,2.07
41.38,10.00,2.57,2.18,2.08
41.48,10.00,2.57,2.14,2.08
41.58,10.00,2.57,2.38,2.09
41.68,10.00,2.56,2.28,2.10
41.78,10.00,2.56,2.52,2.11
41.88,10.00,2.56,2.21,2.12
41.98,10.00,2.56,2.24,2.09
42.08,10.00,2.56,2.54,2.11
42.18,10.00,2.56,1.83,2.14
42.28,10.00,2.56,2.06,2.12
42.38,10.00,2.56,2.21,2.12
42.48,10.00,2.56,1.87,2.12
42.58,10.00,2.56,2.13,2.14
42.68,10.00,2.56,2.42,2.13
42.78,10.00,2.55,2.28,2.12
42.88,10.00,2.55,2.34,2.12
42.98,10.00,2.55,1.86,2.11
43.08,10.00,2.55,1.88,2.11
43.18,10.00,2.54,2.13,2.09
43.28,10.00,2.54,2.10,2.08
43.38,10.00,2.54,1.97,2.07
43.48,10.00,2.54,2.22,2.08
43.58,10.00,2.54,2.08,2.07
43.68,10.00,2.53,2.07,2.08
43.78,10.00,2.53,2.18,2.07
43.88,10.00,2.52,2.23,2.08
43.98,10.00,2.52,2.29,2.08
44.08,10.00,2.52,2.29,2.10
44.18,10.00,2.52,2.18,2.08
44.28,10.00,2.52,2.16,2.08
44.38,10.00,2.52,1.91,2.07
44.48,10.00,2.51,1.91,2.06
44.58,10.00,2.51,2.09,2.07
44.68,10.00,2.51,2.10,2.09
44.78,10.00,2.51,1.94,2.07
44.88,10.00,2.51,2.28,2.08
44.98,10.00,2.51,2.19,2.10
45.08,10.00,2.50,2.31,2.10
45.18,10.00,2.51,1.90,2.11
45.28,10.00,2.51,1.81,2.11
45.38,10.00,2.51,2.33,2.12
45.48,10.00,2.51,2.02,2.10
45.58,10.00,2.51,1.70,2.10
45.68,10.00,2.53,1.98,2.10
45.78,10.00,2.53,2.13,2.11
45.88,10.00,2.54,2.09,2.10
45.98,10.00,2.54,1.94,2.09
46.08,10.00,2.55,2.14,2.10
