Starting in 2...
Starting in 1...
Go!
time_s,dt_ms,gyro_only_deg,accel_deg,filtered_deg
16.18,VALID,angles restarted from accel after 0 failed reads
16.28,10.00,2.20,2.09,2.20
16.38,10.00,2.20,2.25,2.20
16.48,10.00,2.20,2.15,2.19
16.58,10.00,2.20,2.27,2.20
16.68,10.00,2.20,2.24,2.20
16.78,10.00,2.20,2.17,2.19
16.88,10.00,2.20,2.18,2.19
16.98,10.00,2.20,2.01,2.19
17.08,10.00,2.20,2.21,2.18
17.18,10.00,2.20,2.14,2.19
17.28,10.00,2.20,2.17,2.18
17.38,10.00,2.20,2.05,2.18
17.48,10.00,2.20,2.30,2.17
17.58,10.00,2.20,2.16,2.16
17.68,10.00,2.20,2.21,2.17
17.78,10.00,2.20,2.22,2.17
17.88,10.00,2.20,2.21,2.18
17.98,10.00,2.20,2.12,2.18
18.08,10.00,2.20,2.11,2.18
18.18,10.00,2.20,2.15,2.17
18.28,10.00,2.20,2.12,2.17
18.38,10.00,2.20,2.11,2.16
18.48,10.00,2.20,2.17,2.17
18.58,10.00,2.20,2.18,2.17
18.68,10.00,2.20,2.13,2.18
18.78,10.00,2.20,2.20,2.18
18.88,10.00,2.21,2.17,2.18
18.98,10.00,2.21,2.21,2.19
19.08,10.00,2.21,2.19,2.20
19.18,10.00,2.21,2.16,2.19
19.28,10.00,2.21,2.24,2.20
19.38,10.00,2.20,2.14,2.19
19.48,10.00,2.21,2.10,2.18
19.58,10.00,2.21,2.26,2.19
19.68,10.00,2.21,2.27,2.19
19.78,10.00,2.21,2.18,2.19
19.88,10.00,2.21,2.19,2.19
19.98,10.00,2.21,2.17,2.18
20.08,10.00,2.21,2.11,2.18
20.18,10.00,2.21,2.11,2.19
20.28,10.00,2.21,2.17,2.18
20.38,10.00,2.21,2.12,2.17
20.48,10.00,2.21,2.13,2.18
20.58,10.00,2.21,2.18,2.18
20.68,10.00,2.21,2.22,2.18
20.78,10.00,2.21,2.26,2.18
20.88,10.00,2.21,2.18,2.18
20.98,10.00,2.20,2.16,2.18
21.08,10.00,2.21,2.15,2.18
21.18,10.00,2.21,2.24,2.18
21.28,10.00,2.21,2.17,2.17
21.38,10.00,2.21,2.21,2.17
21.48,10.00,2.21,2.18,2.17
21.58,10.00,2.21,2.17,2.17
21.68,10.00,2.21,2.19,2.18
21.78,10.00,2.21,2.22,2.18
21.88,10.00,2.21,2.22,2.18
21.98,10.00,2.21,2.16,2.19
22.08,10.00,2.22,2.21,2.19
22.18,10.00,2.21,2.27,2.19
22.28,10.00,2.21,2.09,2.18
22.38,10.00,2.22,2.22,2.19
22.48,10.00,2.22,2.13,2.18
22.58,10.00,2.22,2.10,2.18
22.68,10.00,2.21,2.23,2.17
22.78,10.00,2.21,2.18,2.17
22.88,10.00,2.21,2.22,2.17
22.98,10.00,2.21,2.08,2.17
23.08,10.00,2.21,2.19,2.17
23.18,10.00,2.21,2.31,2.17
23.21,INVALID,ESP_ERR_INVALID_RESPONSE
Roll filter ended with invalid data: ESP_ERR_INVALID_STATE
[0;32mI (46414) main_task: Returned from app_main()[0m
