16.28,10.00,2.14,1.89,2.13
16.38,10.00,2.14,2.00,2.12
16.48,10.00,2.14,2.10,2.12
16.58,10.00,2.14,2.05,2.11
16.68,10.00,2.13,1.98,2.10
16.78,10.00,2.13,2.09,2.10
16.88,10.00,2.13,2.16,2.10
16.98,10.00,2.13,2.12,2.10
17.08,10.00,2.13,2.12,2.10
17.18,10.00,2.13,2.19,2.11
17.28,10.00,2.13,2.14,2.11
17.38,10.00,2.13,2.09,2.11
17.48,10.00,2.13,2.12,2.11
17.58,10.00,2.13,2.08,2.11
17.68,10.00,2.13,2.17,2.11
17.78,10.00,2.13,2.06,2.10
17.88,10.00,2.13,2.06,2.09
17.98,10.00,2.13,2.19,2.09
18.08,10.00,2.13,1.98,2.09
18.18,10.00,2.13,2.04,2.09
18.28,10.00,2.13,2.11,2.09
18.38,10.00,2.12,2.07,2.08
18.48,10.00,2.12,2.14,2.08
18.58,10.00,2.12,2.02,2.09
18.68,10.00,2.12,2.08,2.09
18.78,10.00,2.12,1.98,2.08
18.88,10.00,2.12,2.04,2.08
18.98,10.00,2.11,2.07,2.08
19.08,10.00,2.11,2.11,2.08
19.18,10.00,2.11,2.16,2.09
19.28,10.00,2.11,2.05,2.10
19.38,10.00,2.11,1.98,2.09
19.48,10.00,2.11,2.14,2.10
19.58,10.00,2.11,1.99,2.09
19.68,10.00,2.11,2.09,2.08
19.78,10.00,2.11,2.19,2.09
19.88,10.00,2.11,2.13,2.09
19.98,10.00,2.11,2.10,2.09
20.08,10.00,2.11,2.11,2.10
20.18,10.00,2.11,2.03,2.09
20.28,10.00,2.11,2.11,2.10
20.38,10.00,2.11,1.96,2.09
20.48,10.00,2.10,2.04,2.09
20.58,10.00,2.10,2.00,2.09
20.68,10.00,2.10,2.05,2.09
20.78,10.00,2.10,2.05,2.08
20.88,10.00,2.10,2.18,2.09
20.98,10.00,2.10,2.21,2.09
21.08,10.00,2.10,2.12,2.09
21.18,10.00,2.10,2.14,2.08
21.28,10.00,2.10,2.06,2.08
21.38,10.00,2.10,2.09,2.08
21.48,10.00,2.10,2.08,2.08
21.58,10.00,2.10,2.07,2.07
21.68,10.00,2.10,2.06,2.08
21.78,10.00,2.09,2.06,2.08
21.88,10.00,2.09,2.01,2.07
21.98,10.00,2.09,2.16,2.08
22.08,10.00,2.10,2.07,2.09
22.18,10.00,2.10,2.19,2.10
22.28,10.00,2.09,2.06,2.09
22.38,10.00,2.09,2.07,2.09
22.48,10.00,2.09,2.18,2.10
22.58,10.00,2.10,2.15,2.10
22.66,INVALID,ESP_ERR_INVALID_RESPONSE,1 failed reads
23.76,INVALID,ESP_ERR_INVALID_RESPONSE,11 failed reads
24.86,INVALID,ESP_ERR_INVALID_RESPONSE,21 failed reads
25.96,INVALID,ESP_ERR_INVALID_RESPONSE,31 failed reads
27.06,INVALID,ESP_ERR_INVALID_RESPONSE,41 failed reads
28.16,INVALID,ESP_ERR_INVALID_RESPONSE,51 failed reads
29.26,INVALID,ESP_ERR_INVALID_RESPONSE,61 failed reads
30.36,INVALID,ESP_ERR_INVALID_RESPONSE,71 failed reads
30.47,VALID,angles restarted from accel after 71 failed reads
30.50,10.00,2.16,2.19,2.17
30.60,10.00,2.17,2.25,2.17
30.70,10.00,2.16,2.16,2.17
30.80,10.00,2.16,2.34,2.18
30.90,10.00,2.16,2.20,2.18
31.00,10.00,2.16,2.19,2.18
31.10,10.00,2.16,2.15,2.18
31.20,10.00,2.16,2.25,2.19
31.30,10.00,2.16,2.15,2.18
31.40,10.00,2.16,2.23,2.19
31.50,10.00,2.16,2.20,2.19
31.60,10.00,2.16,2.18,2.18
31.70,10.00,2.16,2.24,2.19
31.80,10.00,2.16,2.24,2.20
31.90,10.00,2.16,2.20,2.20
32.00,10.00,2.16,2.31,2.19
32.10,10.00,2.16,2.17,2.19
32.20,10.00,2.15,2.30,2.19
32.30,10.00,2.16,2.25,2.20
32.40,10.00,2.15,2.19,2.20
32.50,10.00,2.15,2.14,2.20
32.60,10.00,2.15,2.22,2.19
32.70,10.00,2.15,2.24,2.20
32.80,10.00,2.15,2.07,2.20
32.90,10.00,2.15,2.24,2.20
33.00,10.00,2.15,2.19,2.20
33.10,10.00,2.15,2.15,2.20
33.20,10.00,2.15,2.28,2.21
33.30,10.00,2.15,2.25,2.21
33.40,10.00,2.15,2.14,2.20
33.50,10.00,2.15,2.21,2.20
33.60,10.00,2.14,2.28,2.21
33.70,10.00,2.14,2.15,2.21
33.80,10.00,2.14,2.16,2.21
33.90,10.00,2.14,2.18,2.21
34.00,10.00,2.14,2.23,2.21
34.10,10.00,2.14,2.27,2.22
34.20,10.00,2.14,2.19,2.22
34.30,10.00,2.14,2.19,2.21
34.40,10.00,2.14,2.22,2.21
34.50,10.00,2.14,2.23,2.21
34.60,10.00,2.14,2.26,2.21
34.70,10.00,2.14,2.24,2.22
34.80,10.00,2.14,2.21,2.21
34.90,10.00,2.14,2.30,2.21
35.00,10.00,2.14,2.09,2.20
35.10,10.00,2.14,2.04,2.20
35.20,10.00,2.13,2.17,2.19
35.30,10.00,2.13,2.24,2.20
35.40,10.00,2.12,2.29,2.19
35.50,10.00,2.11,2.16,2.19
35.60,10.00,2.11,2.19,2.18
35.70,10.00,2.11,2.11,2.17
35.80,10.00,2.11,2.14,2.17
35.90,10.00,2.11,2.16,2.17
36.00,10.00,2.11,2.20,2.17
36.10,10.00,2.10,2.31,2.18
36.20,10.00,2.10,2.28,2.18
36.30,10.00,2.10,2.20,2.18
36.40,10.00,2.10,2.26,2.18
36.50,10.00,2.10,2.19,2.18
36.60,10.00,2.10,2.25,2.18
36.70,10.00,2.10,2.15,2.19
36.80,10.00,2.10,2.15,2.19
36.90,10.00,2.10,2.17,2.18
37.00,10.00,2.10,2.07,2.19
37.10,10.00,2.10,2.16,2.18
37.20,10.00,2.10,2.22,2.19
37.30,10.00,2.10,2.18,2.19
37.40,10.00,2.10,2.27,2.18
37.50,10.00,2.10,2.10,2.18
37.60,10.00,2.10,2.18,2.18
37.70,10.00,2.10,2.18,2.18
37.80,10.00,2.10,2.25,2.18
37.90,10.00,2.10,2.24,2.18
38.00,10.00,2.10,2.18,2.19
38.10,10.00,2.10,2.22,2.18
38.20,10.00,2.10,2.24,2.18
38.30,10.00,2.10,2.22,2.18
38.40,10.00,2.10,2.12,2.18
38.50,10.00,2.10,2.30,2.18
38.60,10.00,2.09,2.11,2.18
38.70,10.00,2.09,2.20,2.18
38.80,10.00,2.09,2.16,2.18
38.90,10.00,2.09,2.16,2.18
39.00,10.00,2.09,2.07,2.18
39.10,10.00,2.09,2.18,2.18
39.20,10.00,2.08,2.16,2.18
39.30,10.00,2.08,2.14,2.17
39.40,10.00,2.08,2.20,2.18
39.50,10.00,2.08,2.25,2.18
39.60,10.00,2.08,2.24,2.18
39.70,10.00,2.08,2.10,2.18
39.80,10.00,2.07,2.24,2.18
39.90,10.00,2.07,2.22,2.18
40.00,10.00,2.07,2.10,2.17
40.10,10.00,2.08,2.21,2.18
40.20,10.00,2.08,2.14,2.18
40.30,10.00,2.07,2.20,2.18
40.40,10.00,2.07,2.08,2.18
40.50,10.00,2.07,2.28,2.18
40.60,10.00,2.08,2.08,2.18
40.70,10.00,2.07,2.28,2.18
40.80,10.00,2.07,2.22,2.19
40.90,10.00,2.07,2.25,2.19
41.00,10.00,2.07,2.17,2.18
41.10,10.00,2.07,2.20,2.19
41.20,10.00,2.06,2.24,2.19
41.30,10.00,2.06,2.18,2.19
41.40,10.00,2.06,2.12,2.19
41.50,10.00,2.06,2.19,2.19
41.60,10.00,2.07,2.18,2.18
41.70,10.00,2.07,2.09,2.17
41.80,10.00,2.07,2.13,2.17
41.90,10.00,2.07,2.22,2.17
42.00,10.00,2.07,2.25,2.18
42.10,10.00,2.06,2.03,2.17
42.20,10.00,2.06,2.15,2.17
42.30,10.00,2.06,2.23,2.17
42.40,10.00,2.06,2.22,2.17
42.50,10.00,2.06,2.15,2.16
42.60,10.00,2.06,2.23,2.17
42.70,10.00,2.06,2.17,2.18
42.80,10.00,2.06,2.23,2.18
42.90,10.00,2.06,2.10,2.18
43.00,10.00,2.06,2.15,2.18
43.10,10.00,2.06,2.19,2.17
43.20,10.00,2.06,2.10,2.17
43.30,10.00,2.06,2.14,2.18
43.40,10.00,2.06,2.16,2.18
43.50,10.00,2.06,2.21,2.19
43.60,10.00,2.06,2.18,2.19
43.70,10.00,2.06,2.11,2.19
43.80,10.00,2.06,2.19,2.19
43.90,10.00,2.06,2.19,2.19
44.00,10.00,2.05,2.06,2.18
44.10,10.00,2.05,2.11,2.18
44.20,10.00,2.05,2.18,2.18
44.30,10.00,2.05,2.15,2.17
44.40,10.00,2.05,2.15,2.18
44.50,10.00,2.05,2.09,2.18
44.60,10.00,2.05,2.20,2.18
44.70,10.00,2.05,2.18,2.18
44.80,10.00,2.05,2.15,2.18
44.90,10.00,2.05,2.12,2.19
45.00,10.00,2.05,2.25,2.19
45.10,10.00,2.05,2.22,2.19
45.20,10.00,2.05,2.26,2.19
45.30,10.00,2.05,2.28,2.19
45.40,10.00,2.05,2.15,2.19
45.50,10.00,2.05,2.26,2.19
45.60,10.00,2.04,2.18,2.19
45.70,10.00,2.04,2.13,2.19
45.80,10.00,2.04,2.15,2.19
45.90,10.00,2.04,2.13,2.19
46.00,10.00,2.04,2.16,2.18
46.10,10.00,2.04,2.25,2.18
[0;32mI (46394) main_task: Returned from app_main()[0m
