Starting in 3...
Starting in 2...
Starting in 1...
Go!
time_s,dt_ms,gyro_only_deg,accel_deg,filtered_deg
16.27,10.00,2.16,2.37,2.16
16.37,10.00,2.16,2.38,2.17
16.47,10.00,2.16,2.10,2.17
16.57,10.00,2.16,2.14,2.17
16.67,10.00,2.15,2.21,2.16
16.77,10.00,2.15,2.24,2.16
16.87,10.00,2.15,2.35,2.16
16.97,10.00,2.15,2.29,2.16
17.07,10.00,2.15,2.32,2.17
17.17,10.00,2.15,2.29,2.18
17.27,10.00,2.15,2.09,2.18
17.37,10.00,2.15,2.21,2.18
17.47,10.00,2.15,2.07,2.18
17.57,10.00,2.15,2.06,2.19
17.67,10.00,2.15,2.25,2.19
17.77,10.00,2.14,2.35,2.18
17.87,10.00,2.15,2.11,2.19
17.97,10.00,2.15,2.40,2.19
18.07,10.00,2.15,2.47,2.20
18.17,10.00,2.15,2.24,2.20
18.27,10.00,2.15,2.25,2.20
18.37,10.00,2.15,2.25,2.21
18.47,10.00,2.14,2.07,2.20
18.57,10.00,2.14,2.40,2.20
18.67,10.00,2.14,2.00,2.19
18.77,10.00,2.14,2.32,2.20
18.87,10.00,2.14,2.14,2.20
18.97,10.00,2.14,2.14,2.20
19.07,10.00,2.15,2.36,2.21
19.17,10.00,2.15,2.42,2.20
19.27,10.00,2.15,2.00,2.20
19.37,10.00,2.14,2.04,2.20
19.47,10.00,2.15,2.50,2.20
19.57,10.00,2.15,2.46,2.21
19.67,10.00,2.15,2.24,2.22
19.77,10.00,2.15,2.32,2.21
19.87,10.00,2.15,2.45,2.21
19.97,10.00,2.15,2.12,2.21
20.07,10.00,2.15,2.03,2.21
20.17,10.00,2.15,2.32,2.21
20.27,10.00,2.15,2.08,2.20
20.37,10.00,2.15,2.32,2.20
20.47,10.00,2.15,2.08,2.20
20.57,10.00,2.15,2.40,2.21
20.67,10.00,2.16,2.26,2.21
20.77,10.00,2.15,2.68,2.22
20.87,10.00,2.15,2.25,2.22
20.97,10.00,2.16,2.32,2.23
21.07,10.00,2.26,2.45,2.32
21.17,10.00,5.06,4.48,5.08
21.27,10.00,9.63,9.26,9.66
21.37,10.00,12.72,12.11,12.74
21.47,10.00,14.57,13.93,14.57
21.57,10.00,17.29,16.99,17.29
21.67,10.00,18.52,17.19,18.52
21.77,10.00,21.22,24.49,21.24
21.87,10.00,23.06,23.94,23.06
21.97,10.00,24.47,24.19,24.47
22.07,10.00,25.58,25.20,25.56
22.17,10.00,27.25,26.03,27.21
22.27,10.00,28.92,29.11,28.85
22.37,10.00,30.69,31.35,30.62
22.47,10.00,32.33,32.55,32.26
22.57,10.00,33.75,33.24,33.67
22.67,10.00,35.07,34.73,35.01
22.77,10.00,36.15,35.95,36.10
22.87,10.00,36.54,34.37,36.50
22.97,10.00,37.30,36.43,37.25
23.07,10.00,38.27,38.74,38.23
23.17,10.00,38.55,38.34,38.52
23.27,10.00,39.09,39.20,39.05
23.37,10.00,39.57,38.47,39.51
23.47,10.00,40.33,40.49,40.28
23.57,10.00,40.67,40.96,40.62
23.67,10.00,40.90,41.07,40.85
23.77,10.00,40.89,40.57,40.84
23.87,10.00,40.92,41.47,40.87
23.97,10.00,40.68,40.25,40.63
24.07,10.00,40.41,39.93,40.36
24.17,10.00,40.78,41.55,40.74
24.27,10.00,40.57,39.74,40.51
24.37,10.00,40.61,40.48,40.55
24.47,10.00,40.63,41.21,40.58
24.57,10.00,40.68,40.99,40.62
24.67,10.00,40.60,40.51,40.54
24.77,10.00,40.61,40.60,40.56
24.87,10.00,40.32,40.57,40.28
24.97,10.00,39.63,40.39,39.59
25.07,10.00,39.32,39.46,39.27
25.17,10.00,39.18,39.51,39.13
25.27,10.00,39.25,39.35,39.19
25.37,10.00,39.51,39.63,39.47
25.47,10.00,39.52,40.30,39.46
25.57,10.00,38.11,40.45,38.13
25.67,10.00,36.30,33.82,36.26
25.77,10.00,35.45,35.46,35.44
25.87,10.00,33.86,33.45,33.86
25.97,10.00,32.13,30.96,32.10
26.07,10.00,30.91,31.15,30.91
26.17,10.00,29.95,31.00,29.94
26.27,10.00,28.31,27.01,28.30
26.37,10.00,27.58,27.11,27.56
26.47,10.00,26.07,25.37,26.07
26.57,10.00,25.07,24.59,25.05
26.67,10.00,24.43,23.81,24.42
26.77,10.00,23.66,23.33,23.66
26.87,10.00,22.54,21.75,22.54
26.97,10.00,21.59,21.38,21.60
27.07,10.00,20.69,20.70,20.70
27.17,10.00,19.68,20.01,19.68
27.27,10.00,18.24,16.95,18.23
27.37,10.00,17.50,17.29,17.49
27.47,10.00,16.59,17.03,16.59
27.57,10.00,15.50,15.71,15.49
27.67,10.00,14.31,13.85,14.29
27.77,10.00,12.82,12.88,12.81
27.87,10.00,11.07,11.11,11.05
27.97,10.00,9.29,9.57,9.27
28.07,10.00,7.51,6.59,7.47
28.17,10.00,6.31,6.04,6.27
28.27,10.00,4.79,4.53,4.74
28.37,10.00,3.56,3.37,3.49
28.47,10.00,2.58,2.28,2.51
28.57,10.00,2.40,2.93,2.28
28.67,10.00,2.42,2.51,2.29
28.77,10.00,2.41,2.50,2.29
28.87,10.00,2.41,2.39,2.28
28.97,10.00,2.40,2.39,2.27
29.07,10.00,2.40,2.01,2.27
29.17,10.00,2.40,2.05,2.26
29.27,10.00,2.40,2.07,2.26
29.37,10.00,2.40,2.33,2.26
29.47,10.00,2.40,2.08,2.25
29.57,10.00,2.40,2.42,2.25
29.67,10.00,2.39,2.11,2.24
29.77,10.00,2.39,2.02,2.24
29.87,10.00,2.39,2.19,2.24
29.97,10.00,2.39,1.97,2.24
30.07,10.00,2.57,0.10,2.36
30.17,10.00,2.98,2.72,2.77
30.27,10.00,3.27,1.81,3.00
30.37,10.00,3.48,3.31,3.15
30.47,10.00,3.67,0.60,3.29
30.57,10.00,3.86,1.55,3.42
30.67,10.00,4.07,2.64,3.55
30.77,10.00,4.27,2.17,3.66
30.87,10.00,4.46,2.15,3.76
30.97,10.00,4.62,1.24,3.82
31.07,10.00,4.78,2.43,3.89
31.17,10.00,4.94,3.75,3.92
31.27,10.00,5.07,1.24,3.94
31.37,10.00,5.22,1.21,3.97
31.47,10.00,5.34,1.43,3.99
31.57,10.00,5.49,0.99,4.01
31.67,10.00,5.61,1.63,4.01
31.77,10.00,5.72,1.77,4.00
31.87,10.00,5.84,0.66,4.00
31.97,10.00,5.94,1.19,3.97
32.07,10.00,6.06,2.25,3.95
32.17,10.00,6.15,1.42,3.92
32.27,10.00,6.22,1.92,3.86
32.37,10.00,6.24,0.97,3.77
32.47,10.00,6.24,1.29,3.65
32.57,10.00,6.24,1.74,3.54
32.67,10.00,6.24,1.21,3.44
32.77,10.00,6.24,1.49,3.34
32.87,10.00,6.24,1.29,3.25
32.97,10.00,6.27,2.87,3.17
33.07,10.00,6.29,1.22,3.13
33.17,10.00,6.30,1.57,3.05
33.27,10.00,6.29,1.46,2.97
33.37,10.00,6.30,1.40,2.90
33.47,10.00,6.29,1.85,2.82
33.57,10.00,6.29,1.40,2.75
33.67,10.00,6.29,1.43,2.68
33.77,10.00,6.29,1.29,2.61
33.87,10.00,6.29,1.46,2.55
33.97,10.00,6.26,1.50,2.47
34.07,10.00,6.17,1.80,2.34
34.17,10.00,6.04,2.86,2.18
34.27,10.00,5.82,1.96,1.95
34.37,10.00,5.62,2.22,1.76
34.47,10.00,5.41,2.05,1.56
34.57,10.00,5.20,1.74,1.36
34.67,10.00,4.98,1.77,1.16
34.77,10.00,4.80,1.13,0.98
34.87,10.00,4.66,2.13,0.87
34.97,10.00,4.44,0.98,0.70
35.07,10.00,4.19,1.41,0.50
35.17,10.00,3.98,2.11,0.36
35.27,10.00,3.83,1.55,0.28
35.37,10.00,3.71,1.80,0.24
35.47,10.00,3.55,2.28,0.16
35.57,10.00,3.38,1.46,0.08
35.67,10.00,3.27,2.50,0.08
35.77,10.00,3.16,2.17,0.07
35.87,10.00,3.04,1.80,0.04
35.97,10.00,2.94,2.47,0.05
36.07,10.00,2.86,1.46,0.06
36.17,10.00,2.82,2.30,0.13
36.27,10.00,2.82,2.19,0.23
36.37,10.00,2.82,2.01,0.33
36.47,10.00,2.82,2.22,0.41
36.57,10.00,2.81,2.03,0.49
36.67,10.00,2.73,2.60,0.49
36.77,10.00,2.65,2.24,0.51
36.87,10.00,2.52,1.93,0.47
36.97,10.00,2.32,3.29,0.39
37.07,10.00,2.08,1.87,0.22
37.17,10.00,1.90,1.40,0.12
37.27,10.00,1.72,1.89,0.04
37.37,10.00,1.51,0.39,-0.06
37.47,10.00,1.36,2.99,-0.10
37.57,10.00,1.16,2.22,-0.18
37.67,10.00,0.92,3.72,-0.29
37.77,10.00,0.64,3.46,-0.45
37.87,10.00,0.45,3.91,-0.52
37.97,10.00,0.27,0.94,-0.58
38.07,10.00,0.09,5.36,-0.59
38.17,10.00,-0.01,2.71,-0.60
38.27,10.00,-0.13,2.64,-0.57
38.37,10.00,-0.32,1.39,-0.62
38.47,10.00,-0.47,1.69,-0.63
38.57,10.00,-0.59,1.07,-0.61
38.67,10.00,-0.73,3.47,-0.61
38.77,10.00,-0.86,0.61,-0.63
38.87,10.00,-0.87,2.23,-0.52
38.97,10.00,-0.84,2.17,-0.37
39.07,10.00,-0.84,1.96,-0.26
39.17,10.00,-0.78,1.93,-0.10
39.27,10.00,-0.76,2.02,0.05
39.37,10.00,-0.76,2.03,0.14
39.47,10.00,-0.75,2.00,0.24
39.57,10.00,-0.75,1.98,0.33
39.67,10.00,-0.75,1.71,0.41
39.77,10.00,-0.71,1.20,0.50
39.87,10.00,-0.59,3.29,0.66
39.97,10.00,-0.36,0.30,0.97
40.07,10.00,-0.22,0.50,1.17
40.17,10.00,-0.09,0.60,1.35
40.27,10.00,0.07,3.06,1.57
40.37,10.00,0.23,2.27,1.78
40.47,10.00,0.39,1.06,1.94
40.57,10.00,0.61,2.20,2.16
40.67,10.00,0.83,2.05,2.36
40.77,10.00,1.03,0.06,2.53
40.87,10.00,1.24,2.23,2.71
40.97,10.00,1.42,2.27,2.85
41.07,10.00,1.62,1.72,3.01
41.17,10.00,1.85,2.41,3.20
41.27,10.00,2.02,3.24,3.31
41.37,10.00,2.16,2.35,3.40
41.47,10.00,2.27,2.16,3.44
41.57,10.00,2.35,0.24,3.47
41.67,10.00,2.43,0.86,3.48
41.77,10.00,2.55,3.55,3.54
41.87,10.00,2.69,-0.17,3.57
41.97,10.00,2.82,1.86,3.65
42.07,10.00,2.92,2.45,3.68
42.17,10.00,2.93,1.97,3.63
42.27,10.00,2.92,2.42,3.55
42.37,10.00,2.88,1.96,3.45
42.47,10.00,2.86,2.12,3.37
42.57,10.00,2.86,2.35,3.31
42.67,10.00,2.86,2.12,3.25
42.77,10.00,2.86,2.08,3.20
42.87,10.00,2.86,2.34,3.15
42.97,10.00,2.86,2.02,3.11
43.07,10.00,2.86,1.96,3.06
43.17,10.00,2.86,2.20,3.02
43.27,10.00,2.86,2.03,2.97
43.37,10.00,2.86,2.33,2.93
43.47,10.00,2.86,2.15,2.89
43.57,10.00,2.86,2.38,2.86
43.67,10.00,2.85,2.00,2.82
43.77,10.00,2.85,2.43,2.78
43.87,10.00,2.85,2.13,2.75
43.97,10.00,2.85,2.12,2.72
44.07,10.00,2.86,2.06,2.70
44.17,10.00,2.85,2.09,2.66
44.27,10.00,2.85,2.00,2.63
44.37,10.00,2.85,2.05,2.60
44.47,10.00,2.84,1.97,2.58
44.57,10.00,2.85,2.33,2.56
44.67,10.00,2.84,1.99,2.53
44.77,10.00,2.84,2.15,2.51
44.87,10.00,2.84,2.05,2.49
44.97,10.00,2.84,2.43,2.48
45.07,10.00,2.83,2.00,2.45
45.17,10.00,2.83,2.20,2.44
45.27,10.00,2.83,2.13,2.43
45.37,10.00,2.84,2.11,2.42
45.47,10.00,2.84,1.96,2.41
45.57,10.00,2.84,1.74,2.39
45.67,10.00,2.83,2.04,2.37
45.77,10.00,2.83,2.27,2.36
45.87,10.00,2.83,2.23,2.35
45.97,10.00,2.83,2.04,2.34
46.07,10.00,2.83,1.41,2.33
46.17,10.00,2.83,2.08,2.33
[0;32mI (46394) main_task: Returned from app_main()[0m
