Summary: 1000 samples over 9.99 s, mean dt 10.00 ms
channel,unit,mean,std,min,max
ax,g,0.0438,0.0013,0.0387,0.0481
ay,g,0.0385,0.0014,0.0338,0.0431
az,g,1.8635,0.0018,1.8577,1.8690
temp,C,32.8874,0.0263,32.8241,32.9565
gx,dps,-2.2775,0.0327,-2.3893,-2.1298
gy,dps,1.3256,0.0278,1.2137,1.4198
gz,dps,0.1965,0.0299,0.0916,0.2901
Accel magnitude with Z offset 0.818 g and scale 1.036 corrected: 1.0108 g
Gyro bias: gx=-2.2775 gy=1.3256 gz=0.1965 dps
Bias check: 10 gyro samples with bias removed
sample,read_start_us,gx_dps,gy_dps,gz_dps
1,10171692,-0.0202,-0.0126,0.0173
2,10265031,-0.0202,0.0256,0.0020
3,10365033,-0.0355,-0.0126,0.0249
4,10465031,-0.0355,0.0256,0.0020
5,10565033,-0.0279,0.0103,0.0173
6,10665031,0.0179,-0.0278,0.0096
7,10765033,-0.0202,0.0180,0.0325
8,10865031,-0.0202,-0.0202,0.0020
9,10965033,-0.0050,0.0027,-0.0285
10,11065031,0.0027,-0.0126,-0.0285
Roll filter: tau 0.50 s, run 30 s, test bias error 0.00 dps
Starting in 5...
Starting in 4...
Starting in 3...
Starting in 2...
Starting in 1...
Go!
time_s,dt_ms,gyro_only_deg,accel_deg,filtered_deg
16.18,VALID,angles restarted from accel after 0 failed reads
16.28,10.00,2.15,2.13,2.15
16.38,10.00,2.15,2.23,2.15
16.48,10.00,2.15,2.22,2.15
16.58,10.00,2.15,1.98,2.15
16.68,10.00,2.15,2.18,2.15
16.78,10.00,2.15,2.15,2.15
16.88,10.00,2.15,2.20,2.16
16.98,10.00,2.15,2.20,2.17
17.08,10.00,2.15,2.10,2.16
17.18,10.00,2.15,2.11,2.17
17.28,10.00,2.15,2.19,2.16
17.38,10.00,2.15,2.16,2.16
17.48,10.00,2.15,2.14,2.16
17.58,10.00,2.15,2.09,2.16
17.68,10.00,2.15,2.16,2.16
17.78,10.00,2.15,2.21,2.18
17.88,10.00,2.15,2.08,2.17
17.98,10.00,2.15,2.23,2.17
18.08,10.00,2.16,2.09,2.17
18.18,10.00,2.16,2.19,2.17
18.28,10.00,2.16,2.12,2.17
18.38,10.00,2.16,2.12,2.16
18.48,10.00,2.16,2.33,2.18
18.58,10.00,2.16,2.22,2.18
18.68,10.00,2.16,2.16,2.18
18.78,10.00,2.16,2.22,2.18
18.88,10.00,2.16,2.21,2.18
18.98,10.00,2.16,2.20,2.18
19.08,10.00,2.16,2.17,2.17
19.18,10.00,2.16,2.10,2.16
19.28,10.00,2.16,2.11,2.16
19.38,10.00,2.16,2.05,2.16
19.48,10.00,2.16,2.08,2.16
19.58,10.00,2.16,2.24,2.15
19.68,10.00,2.16,2.16,2.16
19.78,10.00,2.16,2.18,2.16
19.88,10.00,2.16,2.11,2.15
19.98,10.00,2.16,2.14,2.15
20.08,10.00,2.16,2.22,2.15
20.18,10.00,2.16,2.17,2.16
20.28,10.00,2.16,2.19,2.16
20.38,10.00,2.16,2.26,2.17
20.48,10.00,2.16,2.14,2.16
20.58,10.00,2.16,2.13,2.17
20.68,10.00,2.16,2.13,2.18
20.78,10.00,2.16,2.11,2.17
20.88,10.00,2.16,2.18,2.17
20.98,10.00,2.16,2.23,2.18
21.08,10.00,2.16,2.17,2.18
21.18,10.00,2.16,2.19,2.17
21.28,10.00,2.16,2.24,2.18
21.38,10.00,2.16,2.20,2.18
21.48,10.00,2.16,2.13,2.17
21.58,10.00,2.16,2.18,2.17
21.68,10.00,2.16,2.12,2.18
21.78,10.00,2.16,2.19,2.17
21.88,10.00,2.16,2.24,2.17
21.98,10.00,2.16,2.18,2.17
22.08,10.00,2.16,2.03,2.17
22.18,10.00,2.16,2.19,2.16
22.28,10.00,2.16,2.21,2.17
22.38,10.00,2.16,2.28,2.17
22.48,10.00,2.16,2.17,2.16
22.58,10.00,2.16,2.16,2.16
22.68,10.00,2.16,2.25,2.16
22.78,10.00,2.16,2.15,2.16
22.88,10.00,2.16,2.22,2.17
22.98,10.00,2.17,2.22,2.17
23.08,10.00,2.16,2.06,2.16
23.18,10.00,2.17,2.22,2.16
23.28,10.00,2.17,2.08,2.16
23.38,10.00,2.17,2.23,2.17
23.48,10.00,2.16,2.20,2.18
23.58,10.00,2.16,2.15,2.17
23.68,10.00,2.16,2.21,2.17
23.78,10.00,2.16,2.17,2.17
23.88,10.00,2.16,2.21,2.17
23.98,10.00,2.16,2.17,2.17
24.08,10.00,2.16,2.14,2.16
24.18,10.00,2.17,2.11,2.16
24.28,10.00,2.16,2.17,2.16
24.38,10.00,2.16,2.20,2.17
24.48,10.00,2.16,2.12,2.17
24.58,10.00,2.16,2.14,2.17
24.68,10.00,2.16,2.18,2.18
24.78,10.00,2.16,2.20,2.18
24.88,10.00,2.16,2.07,2.18
24.98,10.00,2.16,2.14,2.17
25.08,10.00,2.16,2.28,2.17
25.18,10.00,2.16,2.12,2.17
25.28,10.00,2.16,2.15,2.18
25.38,10.00,2.16,2.10,2.18
25.48,10.00,2.16,2.30,2.18
25.58,10.00,2.16,2.20,2.18
25.68,10.00,2.16,2.09,2.18
25.78,10.00,2.16,2.15,2.17
25.88,10.00,2.16,2.32,2.17
25.98,10.00,2.16,2.26,2.18
26.08,10.00,2.16,2.26,2.18
26.18,10.00,2.16,2.19,2.18
26.28,10.00,2.16,2.20,2.19
26.38,10.00,2.16,2.19,2.18
26.48,10.00,2.16,2.09,2.17
26.58,10.00,2.16,2.14,2.17
26.68,10.00,2.16,2.25,2.17
26.78,10.00,2.16,2.23,2.17
26.88,10.00,2.16,2.15,2.17
26.98,10.00,2.16,2.25,2.17
27.08,10.00,2.16,2.17,2.17
27.18,10.00,2.16,2.08,2.17
27.28,10.00,2.16,2.23,2.17
27.38,10.00,2.16,2.17,2.17
27.48,10.00,2.15,2.04,2.16
27.58,10.00,2.15,2.21,2.17
27.68,10.00,2.16,2.21,2.16
27.78,10.00,2.16,2.17,2.17
27.88,10.00,2.15,2.11,2.17
27.98,10.00,2.16,2.12,2.17
28.08,10.00,2.16,2.19,2.17
28.18,10.00,2.16,2.09,2.17
28.28,10.00,2.16,2.13,2.17
28.38,10.00,2.16,2.13,2.17
28.48,10.00,2.16,2.12,2.16
28.58,10.00,2.16,2.16,2.17
28.68,10.00,2.16,2.16,2.18
28.78,10.00,2.16,2.09,2.18
28.88,10.00,2.16,2.21,2.17
28.98,10.00,2.16,2.16,2.17
29.08,10.00,2.16,2.09,2.16
29.18,10.00,2.16,2.11,2.16
29.28,10.00,2.16,2.17,2.16
29.38,10.00,2.16,2.17,2.16
29.48,10.00,2.16,2.14,2.16
29.58,10.00,2.16,2.28,2.16
29.68,10.00,2.16,2.16,2.17
29.78,10.00,2.16,2.23,2.17
29.88,10.00,2.16,2.25,2.18
29.98,10.00,2.16,2.15,2.18
30.08,10.00,2.16,2.24,2.17
30.18,10.00,2.16,2.18,2.18
30.28,10.00,2.16,2.25,2.19
30.38,10.00,2.17,2.19,2.19
30.48,10.00,2.17,2.14,2.19
30.58,10.00,2.17,2.24,2.19
30.68,10.00,2.16,2.14,2.18
30.78,10.00,2.16,2.19,2.18
30.88,10.00,2.16,2.14,2.18
30.98,10.00,2.17,2.16,2.18
31.08,10.00,2.17,2.09,2.18
31.18,10.00,2.17,2.12,2.19
31.28,10.00,2.17,2.14,2.18
31.38,10.00,2.17,2.29,2.18
31.48,10.00,2.17,2.21,2.18
31.58,10.00,2.17,2.25,2.19
31.68,10.00,2.17,2.04,2.18
31.78,10.00,2.17,2.08,2.18
31.88,10.00,2.17,2.08,2.17
31.98,10.00,2.17,2.31,2.17
32.08,10.00,2.17,2.07,2.16
32.18,10.00,2.17,2.23,2.17
32.28,10.00,2.17,2.27,2.17
32.38,10.00,2.17,2.20,2.17
32.48,10.00,2.17,2.25,2.17
32.58,10.00,2.17,2.13,2.17
32.68,10.00,2.18,2.19,2.17
32.78,10.00,2.18,2.15,2.17
32.88,10.00,2.18,2.16,2.17
32.98,10.00,2.18,2.36,2.18
33.08,10.00,2.18,2.16,2.18
33.18,10.00,2.18,2.19,2.18
33.28,10.00,2.18,2.15,2.18
33.38,10.00,2.18,2.20,2.18
33.48,10.00,2.18,2.25,2.18
33.58,10.00,2.18,2.17,2.17
33.68,10.00,2.18,2.06,2.17
33.78,10.00,2.18,2.11,2.17
33.88,10.00,2.19,2.20,2.17
33.98,10.00,2.19,2.06,2.17
34.08,10.00,2.19,2.20,2.18
34.18,10.00,2.19,2.18,2.17
34.28,10.00,2.19,2.16,2.17
34.38,10.00,2.19,2.16,2.17
34.48,10.00,2.19,2.16,2.16
34.58,10.00,2.19,2.09,2.16
34.68,10.00,2.19,2.08,2.16
34.78,10.00,2.19,2.22,2.17
34.88,10.00,2.19,2.09,2.17
34.98,10.00,2.19,2.28,2.18
35.08,10.00,2.19,2.29,2.19
35.18,10.00,2.19,2.18,2.18
35.28,10.00,2.19,2.28,2.19
35.38,10.00,2.19,2.17,2.19
35.48,10.00,2.19,2.15,2.18
35.58,10.00,2.19,2.12,2.18
35.68,10.00,2.19,2.13,2.18
35.78,10.00,2.19,2.14,2.18
35.88,10.00,2.20,2.14,2.19
35.98,10.00,2.19,2.15,2.18
36.08,10.00,2.19,2.26,2.18
36.18,10.00,2.19,2.10,2.18
36.28,10.00,2.19,2.19,2.18
36.38,10.00,2.19,2.14,2.18
36.48,10.00,2.19,2.22,2.18
36.58,10.00,2.19,2.15,2.18
36.68,10.00,2.20,2.09,2.18
36.78,10.00,2.20,2.15,2.19
36.88,10.00,2.19,2.15,2.18
36.98,10.00,2.20,2.20,2.18
37.08,10.00,2.19,2.22,2.18
37.18,10.00,2.20,2.24,2.18
37.28,10.00,2.20,2.15,2.18
37.38,10.00,2.20,2.21,2.19
37.48,10.00,2.19,2.14,2.19
37.58,10.00,2.19,2.12,2.18
37.68,10.00,2.20,2.17,2.17
37.78,10.00,2.20,2.21,2.18
37.88,10.00,2.20,2.19,2.18
37.98,10.00,2.19,2.13,2.17
38.08,10.00,2.19,2.22,2.17
38.18,10.00,2.19,2.13,2.17
38.28,10.00,2.19,2.16,2.17
38.38,10.00,2.19,2.15,2.17
38.48,10.00,2.19,2.13,2.17
38.58,10.00,2.19,2.17,2.17
38.68,10.00,2.19,2.16,2.17
38.78,10.00,2.19,2.25,2.17
38.88,10.00,2.19,2.10,2.17
38.98,10.00,2.19,2.16,2.17
39.08,10.00,2.19,2.21,2.17
39.18,10.00,2.19,2.14,2.17
39.28,10.00,2.20,2.14,2.17
39.38,10.00,2.20,2.12,2.17
39.48,10.00,2.20,2.26,2.18
39.58,10.00,2.20,2.18,2.18
39.68,10.00,2.20,2.22,2.18
39.78,10.00,2.20,2.19,2.19
39.88,10.00,2.20,2.14,2.18
39.98,10.00,2.20,2.14,2.19
40.08,10.00,2.20,2.20,2.19
40.18,10.00,2.20,2.10,2.18
40.28,10.00,2.20,2.26,2.18
40.38,10.00,2.20,2.11,2.17
40.48,10.00,2.20,2.19,2.18
40.58,10.00,2.20,2.18,2.18
40.68,10.00,2.20,2.18,2.18
40.78,10.00,2.20,2.26,2.18
40.88,10.00,2.20,2.09,2.18
40.98,10.00,2.20,2.16,2.17
41.08,10.00,2.20,2.16,2.17
41.18,10.00,2.20,2.23,2.17
41.28,10.00,2.20,2.23,2.17
41.38,10.00,2.20,2.20,2.17
41.48,10.00,2.20,2.22,2.17
41.58,10.00,2.20,2.18,2.17
41.68,10.00,2.20,2.23,2.18
41.78,10.00,2.20,2.15,2.17
41.88,10.00,2.20,2.29,2.19
41.98,10.00,2.20,2.23,2.19
42.08,10.00,2.20,2.20,2.18
42.18,10.00,2.20,2.12,2.18
42.28,10.00,2.20,2.15,2.18
42.38,10.00,2.21,2.27,2.18
42.48,10.00,2.21,2.11,2.18
42.58,10.00,2.21,2.22,2.19
42.68,10.00,2.21,2.10,2.19
42.78,10.00,2.21,2.09,2.18
42.88,10.00,2.21,2.24,2.18
42.98,10.00,2.21,2.16,2.18
43.08,10.00,2.21,2.26,2.18
43.18,10.00,2.21,2.16,2.19
43.28,10.00,2.21,2.10,2.18
43.38,10.00,2.21,2.26,2.19
43.48,10.00,2.21,2.19,2.18
43.58,10.00,2.21,2.29,2.18
43.68,10.00,2.21,2.10,2.18
43.78,10.00,2.21,2.04,2.17
43.88,10.00,2.21,2.07,2.17
43.98,10.00,2.21,2.10,2.16
44.08,10.00,2.21,2.20,2.16
44.18,10.00,2.21,2.16,2.17
44.28,10.00,2.21,2.12,2.17
44.38,10.00,2.21,2.16,2.17
44.48,10.00,2.21,2.11,2.17
44.58,10.00,2.21,2.16,2.17
44.68,10.00,2.21,2.17,2.16
44.78,10.00,2.21,2.21,2.16
44.88,10.00,2.21,2.31,2.17
44.98,10.00,2.21,2.14,2.17
45.08,10.00,2.21,2.18,2.18
45.18,10.00,2.21,2.23,2.18
45.28,10.00,2.21,2.20,2.18
45.38,10.00,2.21,2.21,2.18
45.48,10.00,2.21,2.12,2.18
45.58,10.00,2.21,2.15,2.18
45.68,10.00,2.21,2.10,2.18
45.78,10.00,2.21,2.23,2.18
45.88,10.00,2.21,2.22,2.18
45.98,10.00,2.21,2.23,2.18
46.08,10.00,2.21,2.29,2.19
[0;32mI (46394) main_task: Returned from app_main()[0m
