Starting in 2...
Starting in 1...
Go!
time_s,dt_ms,gyro_only_deg,accel_deg,filtered_deg
16.28,10.00,2.17,1.97,2.10
16.38,10.00,2.18,1.97,2.10
16.48,10.00,2.18,2.01,2.10
16.58,10.00,2.18,2.15,2.09
16.68,10.00,2.18,2.12,2.04
16.78,10.00,2.18,1.93,2.06
16.88,10.00,2.17,2.18,2.07
16.98,10.00,2.18,2.12,2.13
17.08,10.00,2.18,2.11,2.11
17.18,10.00,2.18,1.96,2.10
17.28,10.00,2.18,1.76,2.02
17.38,10.00,2.19,2.11,2.07
17.48,10.00,2.19,2.15,2.12
17.58,10.00,2.19,1.96,2.06
17.68,10.00,2.19,2.09,2.08
17.78,10.00,2.19,2.05,2.04
17.88,10.00,2.19,1.71,2.04
17.98,10.00,2.19,2.30,2.13
18.08,10.00,2.19,1.92,2.04
18.18,10.00,2.18,2.29,2.04
18.28,10.00,2.18,2.20,2.08
18.38,10.00,2.18,2.00,2.09
18.48,10.00,2.18,1.87,2.01
18.58,10.00,2.18,2.07,2.06
18.68,10.00,2.18,1.60,2.06
18.78,10.00,2.18,2.24,2.05
18.88,10.00,2.17,2.15,2.02
18.98,10.00,2.17,2.03,2.06
19.08,10.00,2.17,1.93,2.03
19.18,10.00,2.17,1.78,2.03
19.28,10.00,2.17,2.29,2.06
19.38,10.00,2.17,2.22,2.10
19.48,10.00,2.17,1.66,2.05
19.58,10.00,2.17,2.29,2.09
19.68,10.00,2.17,2.13,2.11
19.78,10.00,2.17,1.99,2.06
19.88,10.00,2.16,2.09,2.09
19.98,10.00,2.16,2.17,2.07
20.08,10.00,2.17,2.00,2.09
20.18,10.00,5.30,7.38,4.85
20.28,10.00,9.98,8.27,9.51
20.38,10.00,13.76,14.02,13.74
20.48,10.00,18.00,15.62,17.62
20.58,10.00,22.02,20.78,21.55
20.68,10.00,25.05,24.94,25.12
20.78,10.00,27.88,29.20,27.86
20.88,10.00,31.75,32.50,31.75
20.98,10.00,34.49,35.77,34.79
21.08,10.00,36.96,36.79,36.89
21.18,10.00,39.70,38.49,39.71
21.28,10.00,42.86,44.02,42.60
21.38,10.00,44.80,44.34,45.23
21.48,10.00,45.31,45.34,45.72
21.58,10.00,45.66,46.01,46.37
21.68,10.00,45.76,45.92,46.16
21.78,10.00,45.84,46.87,46.29
21.88,10.00,46.18,46.61,46.20
21.98,10.00,46.88,46.17,47.05
22.08,10.00,47.15,47.70,47.54
22.18,10.00,47.25,48.34,47.50
22.28,10.00,47.39,45.72,47.61
22.38,10.00,47.78,46.64,47.94
22.48,10.00,48.96,51.32,49.41
22.58,10.00,48.83,49.05,49.29
22.68,10.00,48.90,50.54,49.24
22.78,10.00,48.96,49.43,49.34
22.88,10.00,48.90,49.00,49.09
22.98,10.00,48.80,47.18,48.98
23.08,10.00,48.91,50.52,49.47
23.18,10.00,48.44,46.87,48.34
23.28,10.00,48.79,49.20,48.94
23.38,10.00,48.89,50.03,49.11
23.48,10.00,48.83,48.83,49.15
23.58,10.00,48.73,47.74,48.90
23.68,10.00,48.68,49.75,48.80
23.78,10.00,48.73,48.48,48.96
23.88,10.00,48.58,49.14,49.09
23.98,10.00,48.10,47.53,48.61
24.08,10.00,47.93,47.33,48.30
24.18,10.00,47.70,47.21,47.82
24.28,10.00,47.35,47.18,47.78
24.38,10.00,46.94,46.99,47.69
24.48,10.00,45.27,43.79,45.76
24.58,10.00,44.18,46.08,44.85
24.68,10.00,41.04,43.12,42.94
24.78,10.00,36.74,37.42,37.17
24.88,10.00,34.01,33.30,34.14
24.98,10.00,32.20,34.83,32.39
25.08,10.00,30.29,30.69,30.28
25.18,10.00,28.87,29.18,29.09
25.28,10.00,27.11,26.96,27.53
25.38,10.00,26.09,26.33,26.21
25.48,10.00,25.53,26.16,25.78
25.58,10.00,25.27,25.90,25.66
25.68,10.00,24.89,24.97,25.20
25.78,10.00,24.40,24.29,24.76
25.88,10.00,24.07,24.77,24.38
25.98,10.00,23.62,23.29,23.73
26.08,10.00,23.08,23.14,23.49
26.18,10.00,22.26,22.43,22.65
26.28,10.00,21.11,21.23,21.54
26.38,10.00,20.06,20.94,20.38
26.48,10.00,18.82,19.72,19.24
26.58,10.00,17.20,17.65,17.59
26.68,10.00,15.98,15.73,16.11
26.78,10.00,15.03,15.06,15.33
26.88,10.00,13.50,14.11,13.97
26.98,10.00,11.55,11.96,11.85
27.08,10.00,10.19,10.41,10.56
27.18,10.00,8.26,9.58,8.69
27.28,10.00,4.78,6.53,5.30
27.38,10.00,1.99,2.60,2.08
27.48,10.00,1.93,1.95,1.97
27.58,10.00,1.93,2.12,2.06
27.68,10.00,1.93,1.92,2.11
27.78,10.00,1.92,2.27,2.07
27.88,10.00,1.92,1.95,2.12
27.98,10.00,1.92,2.06,2.10
28.08,10.00,1.92,2.09,2.13
28.18,10.00,1.92,2.06,2.14
28.28,10.00,1.92,1.78,2.09
28.38,10.00,1.92,2.47,2.14
28.48,10.00,1.92,2.23,2.15
28.58,10.00,1.92,1.99,2.13
28.68,10.00,1.92,2.18,2.18
28.78,10.00,1.92,2.17,2.15
28.88,10.00,1.91,1.92,2.11
28.98,10.00,1.91,2.04,2.09
29.08,10.00,1.91,1.90,2.12
29.18,10.00,1.91,2.24,2.18
29.28,10.00,1.92,2.27,2.27
29.38,10.00,1.92,2.04,2.11
29.48,10.00,1.92,1.89,2.12
29.58,10.00,1.92,2.39,2.17
29.68,10.00,1.92,2.18,2.17
29.78,10.00,1.97,2.57,1.72
29.88,10.00,2.18,2.69,1.83
29.98,10.00,2.42,2.44,1.90
30.08,10.00,2.67,0.39,2.34
30.18,10.00,3.01,1.16,1.61
30.28,10.00,3.56,-1.19,1.20
30.38,10.00,4.16,1.41,1.03
30.48,10.00,4.66,0.95,1.50
30.58,10.00,5.06,5.88,2.66
30.68,10.00,5.38,1.50,2.12
30.78,10.00,5.72,-0.80,1.37
30.88,10.00,6.13,1.43,1.14
30.98,10.00,6.46,-0.99,1.54
31.08,10.00,6.75,3.47,0.97
31.18,10.00,7.06,3.26,0.60
31.28,10.00,7.29,4.08,1.93
31.38,10.00,7.32,0.35,1.65
31.48,10.00,7.32,0.51,0.95
31.58,10.00,7.32,0.75,0.73
31.68,10.00,7.32,0.66,0.60
31.78,10.00,7.31,0.45,0.53
31.88,10.00,7.31,0.67,0.54
31.98,10.00,7.29,0.31,0.62
32.08,10.00,7.22,1.63,0.75
32.18,10.00,7.05,2.90,1.16
32.28,10.00,6.53,2.04,1.77
32.38,10.00,5.95,2.65,0.38
32.48,10.00,5.22,-4.18,-0.70
32.58,10.00,4.47,-1.60,-0.86
32.68,10.00,3.96,1.92,0.08
32.78,10.00,3.42,3.27,1.59
32.88,10.00,2.81,-1.46,-0.03
32.98,10.00,2.45,6.15,0.67
33.08,10.00,2.36,1.31,1.42
33.18,10.00,2.37,1.70,1.05
33.28,10.00,2.39,2.62,2.24
33.38,10.00,2.22,3.80,2.54
33.48,10.00,1.41,-1.78,1.30
33.58,10.00,0.68,0.79,1.73
33.68,10.00,-0.17,-1.22,0.41
33.78,10.00,-0.73,2.39,0.80
33.88,10.00,-1.34,-0.26,0.76
33.98,10.00,-1.61,0.69,0.68
34.08,10.00,-1.75,2.67,1.50
34.18,10.00,-1.87,1.61,1.77
34.28,10.00,-2.01,4.15,1.69
34.38,10.00,-2.17,2.16,2.07
34.48,10.00,-2.30,1.95,1.54
34.58,10.00,-2.40,1.12,1.57
34.68,10.00,-2.49,4.32,2.12
34.78,10.00,-2.61,0.77,1.60
34.88,10.00,-2.62,1.68,1.68
34.98,10.00,-2.63,2.23,1.82
35.08,10.00,-2.65,1.93,1.87
35.18,10.00,-2.64,2.05,1.87
35.28,10.00,-2.63,1.59,1.90
35.38,10.00,-2.62,0.38,1.58
35.48,10.00,-2.22,2.29,-1.20
35.58,10.00,-1.45,2.62,0.31
35.68,10.00,-0.93,-1.95,2.53
35.78,10.00,-0.28,1.83,1.25
35.88,10.00,0.76,-1.84,-0.22
35.98,10.00,1.60,-0.57,2.62
36.08,10.00,2.19,2.72,3.05
36.18,10.00,2.59,2.26,2.94
36.28,10.00,2.59,1.57,2.32
36.38,10.00,2.59,1.90,2.13
36.48,10.00,2.60,2.65,2.16
36.58,10.00,3.63,1.69,-1.45
36.68,10.00,4.57,2.50,0.99
36.78,10.00,5.06,-1.74,1.54
36.88,10.00,5.35,3.33,1.42
36.98,10.00,5.56,-0.98,1.80
37.08,10.00,5.72,1.59,1.76
37.18,10.00,5.77,1.55,1.65
37.28,10.00,5.79,0.57,1.27
37.38,10.00,5.80,0.64,1.08
37.48,10.00,5.79,0.95,1.07
37.58,10.00,5.79,0.89,0.98
37.68,10.00,5.79,1.13,1.03
37.78,10.00,5.80,1.16,0.99
37.88,10.00,5.71,4.91,1.47
37.98,10.00,5.00,-4.88,0.53
38.08,10.00,4.21,-6.30,-0.65
38.18,10.00,3.40,3.88,1.50
38.28,10.00,2.53,0.22,-0.07
38.38,10.00,1.53,-1.09,-0.04
38.48,10.00,0.80,1.05,-1.04
38.58,10.00,0.20,1.64,-0.20
38.68,10.00,-0.36,3.18,0.85
38.78,10.00,-0.85,0.94,0.28
38.88,10.00,-1.13,2.25,1.07
38.98,10.00,-1.28,1.79,1.00
39.08,10.00,-1.30,1.70,1.65
39.18,10.00,-1.30,2.35,2.00
39.28,10.00,-1.29,2.10,2.09
39.38,10.00,-1.29,1.78,2.05
39.48,10.00,-1.29,2.01,2.08
39.58,10.00,-1.28,2.23,2.10
39.68,10.00,-1.27,2.40,2.15
39.78,10.00,-1.27,1.98,2.10
39.88,10.00,-1.27,2.03,2.12
39.98,10.00,-1.26,1.90,1.98
40.08,10.00,-1.25,-0.98,1.51
40.18,10.00,-1.12,-3.32,0.43
40.28,10.00,-0.67,-0.91,1.39
40.38,10.00,-0.16,3.79,1.78
40.48,10.00,0.41,6.14,2.47
40.58,10.00,0.88,2.01,2.16
40.68,10.00,1.28,3.76,2.60
40.78,10.00,1.52,3.18,3.23
40.88,10.00,1.61,1.50,2.73
40.98,10.00,1.69,3.66,2.40
41.08,10.00,1.71,2.01,2.36
41.18,10.00,1.71,1.98,2.27
41.28,10.00,1.70,2.23,2.20
41.38,10.00,1.70,2.39,2.21
41.48,10.00,1.70,2.12,2.20
41.58,10.00,1.70,2.27,2.17
41.68,10.00,1.69,2.05,2.17
41.78,10.00,1.69,2.22,2.11
41.88,10.00,1.69,1.96,2.05
41.98,10.00,1.69,2.07,2.15
42.08,10.00,1.68,2.19,2.10
42.18,10.00,1.68,1.98,2.12
42.28,10.00,1.68,1.98,2.10
42.38,10.00,1.68,2.01,2.13
42.48,10.00,1.69,2.25,2.16
42.58,10.00,1.68,2.38,2.18
42.68,10.00,1.68,2.09,2.17
42.78,10.00,1.68,2.39,2.20
42.88,10.00,1.67,1.93,2.16
42.98,10.00,1.68,1.87,2.12
43.08,10.00,1.68,1.91,2.13
43.18,10.00,1.67,1.98,2.13
43.28,10.00,1.67,2.14,2.17
43.38,10.00,1.67,2.21,2.13
43.48,10.00,1.67,1.88,2.14
43.58,10.00,1.67,1.91,2.09
43.68,10.00,1.67,2.13,2.12
43.78,10.00,1.66,1.98,2.06
43.88,10.00,1.66,2.56,2.16
43.98,10.00,1.66,2.34,2.09
44.08,10.00,1.66,2.23,2.09
44.18,10.00,1.66,2.23,2.09
44.28,10.00,1.66,2.10,2.12
44.38,10.00,1.66,1.98,2.18
44.48,10.00,1.66,2.11,2.17
44.58,10.00,1.66,2.03,2.13
44.68,10.00,1.66,2.07,2.16
44.78,10.00,1.65,2.12,2.10
44.88,10.00,1.66,2.46,2.12
44.98,10.00,1.66,2.16,2.11
45.08,10.00,1.66,2.02,2.08
45.18,10.00,1.66,2.01,2.12
45.28,10.00,1.66,2.02,2.16
45.38,10.00,1.66,2.06,2.11
45.48,10.00,1.66,2.00,2.11
45.58,10.00,1.65,2.07,2.12
45.68,10.00,1.65,2.18,2.11
45.78,10.00,1.65,2.44,2.15
45.88,10.00,1.65,2.06,2.15
45.98,10.00,1.64,2.24,2.16
46.08,10.00,1.64,1.98,2.08
46.18,10.00,1.64,1.63,1.99
[0;32mI (46404) main_task: Returned from app_main()[0m
