Starting in 1...
Go!
time_s,dt_ms,gyro_only_deg,accel_deg,filtered_deg
16.19,VALID,angles restarted from accel after 0 failed reads
16.29,10.00,2.23,2.16,2.23
16.39,10.00,2.23,2.14,2.22
16.49,10.00,2.23,2.24,2.21
16.59,10.00,2.23,2.12,2.21
16.69,10.00,2.23,2.17,2.20
16.79,10.00,2.23,2.08,2.20
16.89,10.00,2.23,2.17,2.20
16.99,10.00,2.23,2.17,2.20
17.09,10.00,2.23,2.19,2.20
17.19,10.00,2.23,2.17,2.20
17.29,10.00,2.23,2.13,2.19
17.39,10.00,2.23,2.13,2.19
17.49,10.00,2.23,2.18,2.19
17.59,10.00,2.23,2.12,2.19
17.69,10.00,2.23,2.17,2.19
17.79,10.00,2.23,2.21,2.20
17.89,10.00,2.23,2.25,2.20
17.99,10.00,2.23,2.15,2.20
18.09,10.00,2.23,2.20,2.20
18.19,10.00,2.23,2.16,2.19
18.29,10.00,2.23,2.16,2.19
18.39,10.00,2.23,2.13,2.19
18.49,10.00,2.23,2.26,2.19
18.59,10.00,2.24,2.14,2.18
18.69,10.00,2.24,2.21,2.19
18.79,10.00,2.24,2.14,2.19
18.89,10.00,2.24,2.24,2.19
18.99,10.00,2.24,2.23,2.20
19.09,10.00,2.24,2.17,2.20
19.19,10.00,2.24,2.23,2.20
19.29,10.00,2.24,2.24,2.20
19.39,10.00,2.24,2.12,2.20
19.49,10.00,2.24,2.14,2.20
19.59,10.00,2.24,2.22,2.20
19.69,10.00,2.24,2.21,2.21
19.79,10.00,2.24,2.24,2.20
19.89,10.00,2.24,2.15,2.20
19.99,10.00,2.24,2.18,2.20
20.09,10.00,2.24,2.18,2.20
20.19,10.00,2.24,2.18,2.20
20.29,10.00,2.24,2.12,2.20
20.39,10.00,2.24,2.19,2.20
20.49,10.00,2.25,2.11,2.20
20.59,10.00,2.25,2.21,2.20
20.69,10.00,2.25,2.15,2.19
20.79,10.00,2.26,2.14,2.20
20.89,10.00,2.34,1.89,2.27
20.99,10.00,4.04,4.20,3.94
21.09,10.00,5.73,5.76,5.60
21.19,10.00,7.97,7.71,7.77
21.29,10.00,11.21,10.96,10.94
21.39,10.00,14.34,14.65,14.08
21.49,10.00,17.60,17.91,17.38
21.59,10.00,19.56,19.31,19.38
21.69,10.00,21.51,21.74,21.34
21.79,10.00,23.21,22.59,23.03
21.89,10.00,24.84,24.58,24.67
21.99,10.00,26.49,26.84,26.37
22.09,10.00,27.93,28.12,27.80
22.19,10.00,29.10,29.64,29.01
22.29,10.00,30.02,31.43,29.97
22.39,10.00,30.15,30.66,30.08
22.49,10.00,30.69,29.70,30.57
22.59,10.00,31.02,30.37,30.93
22.69,10.00,31.51,31.55,31.40
22.79,10.00,32.06,32.66,31.96
22.89,10.00,32.26,32.43,32.19
22.99,10.00,32.22,32.36,32.15
23.09,10.00,32.31,32.13,32.22
23.19,10.00,32.39,31.77,32.29
23.29,10.00,32.50,32.29,32.43
23.39,10.00,32.46,32.10,32.39
23.49,10.00,32.40,32.15,32.32
23.59,10.00,32.54,32.97,32.46
23.69,10.00,32.78,32.51,32.68
23.79,10.00,33.27,33.53,33.15
23.89,10.00,33.95,33.47,33.82
23.99,10.00,34.46,33.84,34.38
24.09,10.00,34.76,34.69,34.69
24.19,10.00,34.87,34.44,34.79
24.29,10.00,35.33,35.47,35.22
24.39,10.00,36.09,35.45,35.93
24.49,10.00,36.73,37.00,36.64
24.59,10.00,36.80,36.44,36.73
24.69,10.00,36.81,36.99,36.76
24.79,10.00,36.77,36.55,36.72
24.89,10.00,36.56,36.61,36.51
24.99,10.00,36.29,36.02,36.20
25.09,10.00,36.23,36.14,36.14
25.19,10.00,36.17,36.27,36.06
25.29,10.00,36.30,36.08,36.16
25.39,10.00,36.37,36.23,36.26
25.49,10.00,36.28,36.24,36.19
25.59,10.00,35.81,37.29,35.81
25.69,10.00,34.75,34.95,34.74
25.79,10.00,33.17,33.82,33.25
25.89,10.00,31.01,30.56,31.06
25.99,10.00,28.59,28.41,28.75
26.09,10.00,25.56,24.69,25.60
26.19,10.00,23.70,25.61,23.73
26.29,10.00,21.91,22.62,21.86
26.39,10.00,20.59,20.67,20.51
26.49,10.00,18.75,18.20,18.74
26.59,10.00,17.15,17.12,17.09
26.69,10.00,15.48,15.35,15.38
26.79,10.00,14.21,14.06,14.08
26.89,10.00,12.83,12.67,12.67
26.99,10.00,11.03,10.68,10.86
27.09,10.00,7.75,6.76,7.61
27.19,10.00,3.74,3.75,3.58
27.29,10.00,2.69,2.12,2.40
27.39,10.00,2.68,2.18,2.34
27.49,10.00,2.68,2.19,2.31
27.59,10.00,2.68,2.15,2.28
27.69,10.00,2.68,2.14,2.27
27.79,10.00,2.68,2.13,2.25
27.89,10.00,2.67,2.11,2.22
27.99,10.00,2.67,2.24,2.22
28.09,10.00,2.67,2.21,2.21
28.19,10.00,2.67,2.13,2.20
28.29,10.00,2.67,1.99,2.19
28.39,10.00,2.68,2.19,2.18
28.49,10.00,2.68,2.21,2.18
28.59,10.00,2.68,2.14,2.18
28.69,10.00,2.68,2.23,2.17
28.79,10.00,2.68,2.12,2.18
28.89,10.00,2.68,2.08,2.17
28.99,10.00,2.68,2.04,2.16
29.09,10.00,2.68,2.21,2.16
29.19,10.00,2.68,2.20,2.16
29.29,10.00,2.68,2.20,2.17
29.39,10.00,2.68,2.04,2.16
29.49,10.00,2.69,2.10,2.16
29.59,10.00,2.69,2.17,2.15
29.69,10.00,2.69,2.09,2.16
29.79,10.00,2.69,2.14,2.16
29.89,10.00,2.69,2.24,2.17
29.99,10.00,2.69,2.23,2.17
30.09,10.00,2.69,2.23,2.16
30.19,10.00,2.69,2.15,2.17
30.29,10.00,2.69,2.21,2.17
30.39,10.00,2.69,2.10,2.16
30.49,10.00,2.70,2.16,2.16
30.59,10.00,2.70,2.18,2.16
30.69,10.00,2.70,2.13,2.16
30.79,10.00,2.70,2.08,2.16
30.89,10.00,2.70,2.07,2.17
30.99,10.00,2.70,2.15,2.16
31.09,10.00,2.70,2.12,2.17
31.19,10.00,2.70,2.09,2.17
31.29,10.00,2.70,2.03,2.16
31.39,10.00,2.70,2.19,2.15
31.49,10.00,2.70,1.76,2.13
31.59,10.00,2.70,2.58,2.11
31.69,10.00,2.66,2.50,2.12
31.79,10.00,2.65,2.08,2.08
31.89,10.00,2.67,2.03,2.11
31.99,10.00,2.71,2.06,2.16
32.09,10.00,2.73,1.49,2.19
32.19,10.00,2.70,2.09,2.22
32.29,10.00,2.67,2.12,2.16
32.39,10.00,2.66,2.32,2.12
32.49,10.00,2.64,1.57,2.13
32.59,10.00,2.64,2.11,2.13
32.69,10.00,2.66,1.85,2.14
32.79,10.00,2.67,2.47,2.21
32.89,10.00,2.68,1.34,2.21
32.99,10.00,2.69,2.68,2.16
33.09,10.00,2.69,2.30,2.13
33.19,10.00,2.67,1.69,2.14
33.29,10.00,2.66,2.49,2.11
33.39,10.00,2.64,2.41,2.10
33.49,10.00,2.64,1.26,2.10
33.59,10.00,2.63,2.09,2.05
33.69,10.00,2.60,2.05,2.02
33.79,10.00,2.60,2.36,2.06
33.89,10.00,2.60,2.25,2.09
33.99,10.00,2.60,2.65,2.03
34.09,10.00,2.57,2.71,2.08
34.19,10.00,2.55,2.07,2.04
34.29,10.00,2.55,2.06,2.06
34.39,10.00,2.55,2.24,2.08
34.49,10.00,2.55,2.10,2.09
34.59,10.00,2.56,2.23,2.10
34.69,10.00,2.59,2.86,2.10
34.79,10.00,2.59,2.92,2.32
34.89,10.00,2.52,0.33,2.37
34.99,10.00,2.41,-0.31,2.01
35.09,10.00,2.34,2.06,1.91
35.19,10.00,2.30,0.99,1.89
35.29,10.00,2.26,1.98,1.74
35.39,10.00,2.26,2.10,1.75
35.49,10.00,2.26,2.50,1.83
35.59,10.00,2.26,2.08,1.90
35.69,10.00,2.26,1.72,1.92
35.79,10.00,2.35,2.10,1.95
35.89,10.00,2.39,2.51,2.13
35.99,10.00,2.39,2.14,2.15
36.09,10.00,2.39,2.17,2.16
36.19,10.00,2.39,2.30,2.17
36.29,10.00,2.39,2.17,2.17
36.39,10.00,2.39,2.22,2.18
36.49,10.00,2.39,2.20,2.18
36.59,10.00,2.39,2.05,2.19
36.69,10.00,2.39,2.13,2.19
36.79,10.00,2.40,2.18,2.19
36.89,10.00,2.39,2.22,2.19
36.99,10.00,2.40,1.11,2.08
37.09,10.00,2.39,1.86,2.06
37.19,10.00,2.43,2.24,2.11
37.29,10.00,2.48,2.47,2.17
37.39,10.00,2.49,2.68,2.17
37.49,10.00,2.49,2.11,2.19
37.59,10.00,2.53,1.45,2.22
37.69,10.00,2.59,2.79,2.18
37.79,10.00,2.63,2.95,2.21
37.89,10.00,2.63,1.45,2.22
37.99,10.00,2.60,2.39,2.19
38.09,10.00,2.58,1.66,2.15
38.19,10.00,2.59,2.27,2.16
38.29,10.00,2.60,2.17,2.22
38.39,10.00,2.60,2.19,2.21
38.49,10.00,2.60,2.07,2.19
38.59,10.00,2.60,2.09,2.17
38.69,10.00,2.61,2.00,2.16
38.79,10.00,2.61,2.07,2.16
38.89,10.00,2.62,-0.25,1.85
38.99,10.00,2.61,3.27,2.20
39.09,10.00,2.56,4.53,2.48
39.19,10.00,2.63,2.20,2.43
39.29,10.00,2.56,2.32,2.07
39.39,10.00,2.52,1.07,1.91
39.49,10.00,2.52,2.23,1.92
39.59,10.00,2.51,2.17,1.96
39.69,10.00,2.52,2.20,2.00
39.79,10.00,2.52,2.27,2.04
39.89,10.00,2.53,2.22,2.06
39.99,10.00,2.54,2.31,2.10
40.09,10.00,2.54,2.12,2.12
40.19,10.00,2.54,2.17,2.13
40.29,10.00,2.54,2.17,2.13
40.39,10.00,2.53,2.18,2.13
40.49,10.00,2.53,2.01,2.09
40.59,10.00,2.50,1.95,2.04
40.69,10.00,2.51,2.44,2.06
40.79,10.00,2.53,2.18,2.09
40.89,10.00,2.53,2.66,2.15
40.99,10.00,2.55,1.74,2.18
41.09,10.00,2.58,2.38,2.23
41.19,10.00,2.61,2.19,2.22
41.29,10.00,2.64,2.15,2.22
41.39,10.00,2.68,2.78,2.24
41.49,10.00,2.73,2.12,2.24
41.59,10.00,2.79,1.78,2.22
41.69,10.00,2.83,2.41,2.25
41.79,10.00,2.84,1.97,2.23
41.89,10.00,2.85,1.34,2.22
41.99,10.00,2.84,1.89,2.18
42.09,10.00,2.85,2.44,2.13
42.19,10.00,2.87,2.29,2.13
42.29,10.00,2.86,2.30,2.13
42.39,10.00,2.84,2.68,2.11
42.49,10.00,2.81,1.97,2.13
42.59,10.00,2.81,2.30,2.07
42.69,10.00,2.83,1.76,2.10
42.79,10.00,2.86,2.26,2.11
42.89,10.00,2.87,2.18,2.13
42.99,10.00,2.87,1.95,2.12
43.09,10.00,2.87,2.13,2.11
43.19,10.00,2.90,0.54,2.00
43.29,10.00,2.98,2.95,2.09
43.39,10.00,2.99,2.28,2.00
43.49,10.00,3.00,3.91,2.24
43.59,10.00,3.03,0.85,2.37
43.69,10.00,2.99,0.54,2.23
43.79,10.00,2.98,2.01,2.14
43.89,10.00,2.95,2.14,2.11
43.99,10.00,2.96,2.14,2.11
44.09,10.00,2.95,2.21,2.12
44.19,10.00,2.95,2.18,2.11
44.29,10.00,2.94,2.16,2.10
44.39,10.00,2.93,2.06,2.10
44.49,10.00,2.93,2.09,2.10
44.59,10.00,2.93,2.11,2.11
44.69,10.00,2.94,2.14,2.11
44.79,10.00,2.94,2.16,2.12
44.89,10.00,2.95,2.21,2.13
44.99,10.00,2.95,2.07,2.13
45.09,10.00,2.95,2.11,2.12
45.19,10.00,2.93,2.17,2.11
45.29,10.00,2.93,2.17,2.12
45.39,10.00,2.93,2.29,2.12
45.49,10.00,2.90,2.18,2.07
45.59,10.00,2.87,2.06,2.06
45.69,10.00,2.88,2.23,2.06
45.79,10.00,2.89,2.44,2.07
45.89,10.00,2.89,1.75,2.09
45.99,10.00,2.89,1.42,2.05
46.09,10.00,2.89,2.08,2.05
[0;32mI (46404) main_task: Returned from app_main()[0m
