Starting in 3...
Starting in 2...
Starting in 1...
Go!
time_s,dt_ms,gyro_only_deg,accel_deg,filtered_deg
16.18,VALID,angles restarted from accel after 0 failed reads
16.28,10.00,2.29,2.18,2.29
16.38,10.00,2.39,2.19,2.36
16.48,10.00,2.49,2.12,2.41
16.58,10.00,2.59,2.25,2.46
16.68,10.00,2.69,2.18,2.50
16.78,10.00,2.80,2.20,2.54
16.88,10.00,2.90,2.19,2.56
16.98,10.00,3.00,2.34,2.59
17.08,10.00,3.10,2.24,2.61
17.18,10.00,3.20,2.12,2.63
17.28,10.00,3.30,2.19,2.63
17.38,10.00,3.40,2.21,2.65
17.48,10.00,3.50,2.18,2.65
17.58,10.00,3.60,2.14,2.66
17.68,10.00,3.70,2.20,2.66
17.78,10.00,3.80,2.19,2.67
17.88,10.00,3.90,2.26,2.67
17.98,10.00,4.00,2.24,2.67
18.08,10.00,4.10,2.18,2.67
18.18,10.00,4.20,2.16,2.68
18.28,10.00,4.30,2.09,2.68
18.38,10.00,4.40,2.20,2.68
18.48,10.00,4.50,2.24,2.68
18.58,10.00,4.61,2.10,2.68
18.68,10.00,4.71,2.24,2.68
18.78,10.00,4.81,2.17,2.68
18.88,10.00,4.91,2.17,2.68
18.98,10.00,5.01,2.14,2.68
19.08,10.00,5.11,2.19,2.69
19.18,10.00,5.21,2.09,2.68
19.28,10.00,5.31,2.20,2.69
19.38,10.00,5.41,2.24,2.69
19.48,10.00,5.51,2.15,2.69
19.58,10.00,5.61,2.21,2.69
19.68,10.00,5.71,2.26,2.69
19.78,10.00,5.81,2.09,2.69
19.88,10.00,5.91,2.20,2.70
19.98,10.00,6.01,2.16,2.69
20.08,10.00,6.11,2.26,2.69
20.18,10.00,6.21,2.12,2.69
20.28,10.00,6.31,2.15,2.69
20.38,10.00,6.41,2.14,2.69
20.48,10.00,6.52,2.24,2.69
20.58,10.00,6.62,2.11,2.69
20.68,10.00,6.72,2.27,2.69
20.78,10.00,6.82,2.21,2.69
20.88,10.00,6.91,2.23,2.68
20.98,10.00,7.01,2.26,2.68
21.08,10.00,7.12,2.17,2.68
21.18,10.00,7.22,2.19,2.68
21.28,10.00,7.31,2.20,2.67
21.38,10.00,7.42,2.17,2.68
21.48,10.00,7.52,2.22,2.68
21.58,10.00,7.62,2.14,2.68
21.68,10.00,7.72,2.20,2.68
21.78,10.00,7.81,2.12,2.68
21.88,10.00,7.91,2.13,2.68
21.98,10.00,8.02,2.18,2.68
22.08,10.00,8.12,2.22,2.67
22.18,10.00,8.22,2.24,2.68
22.28,10.00,8.32,2.14,2.67
22.38,10.00,8.42,2.11,2.68
22.48,10.00,8.52,2.16,2.68
22.58,10.00,8.62,2.15,2.68
22.68,10.00,8.72,2.18,2.68
22.78,10.00,8.82,2.14,2.68
22.88,10.00,8.92,2.17,2.68
22.98,10.00,9.02,2.21,2.68
23.08,10.00,9.12,2.19,2.68
23.18,10.00,9.22,2.24,2.69
23.28,10.00,9.32,2.12,2.69
23.38,10.00,9.43,2.25,2.69
23.48,10.00,9.53,2.22,2.69
23.58,10.00,9.63,2.18,2.69
23.68,10.00,9.73,2.28,2.70
23.78,10.00,9.83,2.18,2.69
23.88,10.00,9.93,2.20,2.70
23.98,10.00,10.03,2.16,2.70
24.08,10.00,10.13,2.25,2.70
24.18,10.00,10.23,2.19,2.69
24.28,10.00,10.33,2.26,2.69
24.38,10.00,10.43,2.20,2.69
24.48,10.00,10.53,2.14,2.68
24.58,10.00,10.63,2.19,2.69
24.68,10.00,10.73,2.21,2.69
24.78,10.00,10.83,2.10,2.69
24.88,10.00,10.93,2.19,2.69
24.98,10.00,11.03,2.30,2.68
25.08,10.00,11.13,2.27,2.68
25.18,10.00,11.23,2.27,2.69
25.28,10.00,11.33,2.19,2.68
25.38,10.00,11.43,2.16,2.68
25.48,10.00,11.53,2.09,2.68
25.58,10.00,11.64,2.18,2.68
25.68,10.00,11.74,2.17,2.68
25.78,10.00,11.84,2.22,2.68
25.88,10.00,11.94,2.07,2.68
25.98,10.00,12.04,2.20,2.69
26.08,10.00,12.14,2.22,2.69
26.18,10.00,12.24,2.17,2.68
26.28,10.00,12.34,2.12,2.68
26.38,10.00,12.44,2.15,2.68
26.48,10.00,12.54,2.21,2.68
26.58,10.00,12.64,2.19,2.69
26.68,10.00,12.74,2.19,2.69
26.78,10.00,12.84,2.22,2.69
26.88,10.00,12.94,2.20,2.69
26.98,10.00,13.04,2.16,2.69
27.08,10.00,13.14,2.18,2.68
27.18,10.00,13.24,2.30,2.69
27.28,10.00,13.34,2.10,2.69
27.38,10.00,13.44,2.36,2.69
27.48,10.00,13.54,2.15,2.69
27.58,10.00,13.64,2.17,2.69
27.68,10.00,13.74,2.17,2.69
27.78,10.00,13.84,2.13,2.68
27.88,10.00,13.93,2.16,2.68
27.98,10.00,14.03,2.23,2.68
28.08,10.00,14.13,2.21,2.68
28.18,10.00,14.23,2.26,2.68
28.28,10.00,14.33,2.25,2.69
28.38,10.00,14.44,2.05,2.68
28.48,10.00,14.53,2.14,2.68
28.58,10.00,14.63,2.21,2.68
28.68,10.00,14.73,2.13,2.68
28.78,10.00,14.83,2.12,2.69
28.88,10.00,14.93,2.06,2.69
28.98,10.00,15.03,2.25,2.69
29.08,10.00,15.14,2.13,2.69
29.18,10.00,15.24,2.18,2.70
29.28,10.00,15.34,2.13,2.70
29.38,10.00,15.44,2.16,2.70
29.48,10.00,15.54,2.15,2.70
29.58,10.00,15.64,2.24,2.69
29.68,10.00,15.74,2.19,2.69
29.78,10.00,15.84,2.26,2.69
29.88,10.00,15.94,2.19,2.69
29.98,10.00,16.04,2.22,2.69
30.08,10.00,16.14,2.15,2.69
30.18,10.00,16.24,2.13,2.70
30.28,10.00,16.34,2.14,2.70
30.38,10.00,16.44,2.19,2.70
30.48,10.00,16.54,2.19,2.70
30.58,10.00,16.63,2.24,2.70
30.68,10.00,16.73,2.21,2.69
30.78,10.00,16.83,2.20,2.69
30.88,10.00,16.93,2.15,2.69
30.98,10.00,17.03,2.16,2.69
31.08,10.00,17.13,2.21,2.69
31.18,10.00,17.24,2.28,2.69
31.28,10.00,17.34,2.11,2.69
31.38,10.00,17.43,2.28,2.69
31.48,10.00,17.54,2.15,2.69
31.58,10.00,17.64,2.19,2.70
31.68,10.00,17.74,2.30,2.70
31.78,10.00,17.84,2.19,2.70
31.88,10.00,17.94,2.26,2.70
31.98,10.00,18.04,2.20,2.70
32.08,10.00,18.14,2.14,2.70
32.18,10.00,18.24,2.14,2.70
32.28,10.00,18.34,2.21,2.70
32.38,10.00,18.44,2.22,2.70
32.48,10.00,18.54,2.15,2.70
32.58,10.00,18.64,2.20,2.70
32.68,10.00,18.74,2.12,2.70
32.78,10.00,18.84,2.19,2.70
32.88,10.00,18.94,2.23,2.70
32.98,10.00,19.04,2.10,2.69
33.08,10.00,19.14,2.20,2.69
33.18,10.00,19.24,2.28,2.70
33.28,10.00,19.34,2.23,2.69
33.38,10.00,19.44,2.13,2.69
33.48,10.00,19.54,2.11,2.68
33.58,10.00,19.64,2.19,2.69
33.68,10.00,19.74,2.17,2.69
33.78,10.00,19.84,2.16,2.68
33.88,10.00,19.94,2.14,2.68
33.98,10.00,20.04,2.23,2.68
34.08,10.00,20.14,2.19,2.68
34.18,10.00,20.24,2.15,2.69
34.28,10.00,20.34,2.13,2.69
34.38,10.00,20.44,2.10,2.69
34.48,10.00,20.55,2.19,2.71
34.58,10.00,20.65,2.31,2.70
34.68,10.00,20.75,2.16,2.70
34.78,10.00,20.85,2.23,2.69
34.88,10.00,20.95,2.12,2.69
34.98,10.00,21.05,2.21,2.68
35.08,10.00,21.15,2.26,2.68
35.18,10.00,21.25,2.19,2.68
35.28,10.00,21.35,2.06,2.68
35.38,10.00,21.45,2.10,2.67
35.48,10.00,21.55,2.30,2.67
35.58,10.00,21.65,2.14,2.68
35.68,10.00,21.75,2.20,2.68
35.78,10.00,21.85,2.28,2.68
35.88,10.00,21.95,2.23,2.68
35.98,10.00,22.05,2.15,2.68
36.08,10.00,22.15,2.15,2.68
36.18,10.00,22.25,2.25,2.68
36.28,10.00,22.35,2.11,2.68
36.38,10.00,22.45,2.30,2.69
36.48,10.00,22.55,2.17,2.68
36.58,10.00,22.65,2.13,2.68
36.68,10.00,22.75,2.26,2.68
36.78,10.00,22.85,2.25,2.69
36.88,10.00,22.95,2.18,2.69
36.98,10.00,23.05,2.12,2.69
37.08,10.00,23.15,2.23,2.69
37.18,10.00,23.25,2.27,2.70
37.28,10.00,23.36,2.19,2.70
37.38,10.00,23.46,2.21,2.69
37.48,10.00,23.56,2.16,2.69
37.58,10.00,23.66,2.25,2.69
37.68,10.00,23.76,2.26,2.69
37.78,10.00,23.86,2.14,2.70
37.88,10.00,23.96,2.22,2.69
37.98,10.00,24.06,2.13,2.68
38.08,10.00,24.16,2.24,2.68
38.18,10.00,24.26,2.20,2.69
38.28,10.00,24.36,2.31,2.69
38.38,10.00,24.47,2.23,2.70
38.48,10.00,24.57,2.07,2.69
38.58,10.00,24.67,2.17,2.69
38.68,10.00,24.77,2.26,2.70
38.78,10.00,24.87,2.20,2.69
38.88,10.00,24.97,2.21,2.69
38.98,10.00,25.07,2.28,2.69
39.08,10.00,25.17,2.17,2.69
39.18,10.00,25.27,2.20,2.69
39.28,10.00,25.37,2.13,2.69
39.38,10.00,25.47,2.24,2.69
39.48,10.00,25.57,2.17,2.69
39.58,10.00,25.67,2.07,2.68
39.68,10.00,25.77,2.21,2.70
39.78,10.00,25.87,2.10,2.69
39.88,10.00,25.97,2.18,2.69
39.98,10.00,26.07,2.28,2.70
40.08,10.00,26.17,2.12,2.70
40.18,10.00,26.27,2.19,2.70
40.28,10.00,26.37,2.17,2.70
40.38,10.00,26.47,2.21,2.70
40.48,10.00,26.57,2.11,2.70
40.58,10.00,26.67,2.22,2.70
40.68,10.00,26.77,2.14,2.70
40.78,10.00,26.86,2.12,2.69
40.88,10.00,26.96,2.18,2.69
40.98,10.00,27.07,2.14,2.69
41.08,10.00,27.17,2.15,2.69
41.18,10.00,27.27,2.17,2.70
41.28,10.00,27.37,2.19,2.70
41.38,10.00,27.47,2.13,2.70
41.48,10.00,27.57,2.17,2.70
41.58,10.00,27.67,2.28,2.69
41.68,10.00,27.77,2.19,2.70
41.78,10.00,27.87,2.28,2.69
41.88,10.00,27.97,2.11,2.69
41.98,10.00,28.07,2.19,2.69
42.08,10.00,28.17,2.20,2.69
42.18,10.00,28.27,2.21,2.69
42.28,10.00,28.37,2.21,2.69
42.38,10.00,28.47,2.12,2.69
42.48,10.00,28.57,2.13,2.70
42.58,10.00,28.67,2.18,2.70
42.68,10.00,28.77,2.27,2.70
42.78,10.00,28.87,2.19,2.69
42.88,10.00,28.97,2.20,2.69
42.98,10.00,29.07,2.29,2.69
43.08,10.00,29.17,2.31,2.70
43.18,10.00,29.27,2.19,2.69
43.28,10.00,29.37,2.22,2.69
43.38,10.00,29.47,2.17,2.68
43.48,10.00,29.57,2.21,2.69
43.58,10.00,29.67,2.26,2.69
43.68,10.00,29.77,2.19,2.69
43.78,10.00,29.87,2.14,2.69
43.88,10.00,29.97,2.19,2.69
43.98,10.00,30.06,2.20,2.69
44.08,10.00,30.16,2.18,2.69
44.18,10.00,30.26,2.21,2.70
44.28,10.00,30.36,2.17,2.69
44.38,10.00,30.46,2.12,2.69
44.48,10.00,30.56,2.25,2.68
44.58,10.00,30.67,2.24,2.68
44.68,10.00,30.77,2.20,2.68
44.78,10.00,30.86,2.29,2.68
44.88,10.00,30.96,2.29,2.68
44.98,10.00,31.06,2.25,2.69
45.08,10.00,31.16,2.07,2.68
45.18,10.00,31.26,2.17,2.68
45.28,10.00,31.36,2.24,2.69
45.38,10.00,31.46,2.10,2.69
45.48,10.00,31.56,2.23,2.69
45.58,10.00,31.66,2.16,2.69
45.68,10.00,31.76,2.23,2.69
45.78,10.00,31.86,2.16,2.69
45.88,10.00,31.96,2.11,2.69
45.98,10.00,32.06,2.18,2.69
46.08,10.00,32.16,2.19,2.68
[0;32mI (46394) main_task: Returned from app_main()[0m
