Summary: 1000 samples over 9.99 s, mean dt 10.00 ms
channel,unit,mean,std,min,max
ax,g,-0.0713,0.0038,-0.0813,-0.0601
ay,g,0.0374,0.0034,0.0261,0.0498
az,g,1.8532,0.0052,1.8379,1.8689
temp,C,35.1159,0.0541,34.9771,35.2594
gx,dps,-2.2636,0.1016,-2.5802,-1.9695
gy,dps,1.1522,0.1047,0.8168,1.4198
gz,dps,0.1688,0.1070,-0.1756,0.5038
Accel magnitude with Z offset 0.818 g removed: 1.0383 g
Gyro bias: gx=-2.2636 gy=1.1522 gz=0.1688 dps
Bias check: 10 gyro samples with bias removed
sample,read_start_us,gx_dps,gy_dps,gz_dps
1,10170466,0.0880,0.0692,-0.0161
2,10265031,-0.1562,0.1226,0.0297
3,10365031,-0.0646,0.1455,-0.0543
4,10465031,-0.0112,0.0157,-0.1459
5,10565031,0.1033,-0.0911,0.0679
6,10665031,0.0117,0.0310,-0.1993
7,10765031,0.1491,0.0921,-0.1688
8,10865031,0.1644,0.1989,-0.0466
9,10965031,0.0651,-0.0606,-0.3138
10,11065031,-0.1486,0.1150,0.0526
Tilt test: hold each pose still for a few reports (about 60 s total)
report,time_s,ax_g,ay_g,az_g,roll_deg,pitch_deg
1,11.67,-0.0708,0.0373,1.0353,2.1,3.9
2,12.17,-0.0716,0.0379,1.0353,2.1,4.0
3,12.67,-0.0710,0.0378,1.0355,2.1,3.9
4,13.17,-0.0715,0.0373,1.0349,2.1,3.9
5,13.67,-0.0754,0.0520,1.0425,2.9,4.1
6,14.17,-0.0344,0.5676,0.7877,35.8,2.0
7,14.67,-0.0012,0.9788,0.1864,79.2,0.1
8,15.17,-0.0021,1.0124,-0.0137,90.8,0.1
9,15.67,-0.0006,1.0116,-0.0256,91.5,0.0
10,16.17,0.0027,1.0110,-0.0459,92.6,-0.2
11,16.67,0.0037,1.0105,-0.0729,94.1,-0.2
12,17.17,0.0030,1.0097,-0.0776,94.4,-0.2
13,17.67,0.0054,1.0085,-0.0974,95.5,-0.3
14,18.17,0.0056,1.0079,-0.1016,95.8,-0.3
15,18.67,0.0047,1.0074,-0.1040,95.9,-0.3
16,19.17,0.0033,1.0109,-0.0642,93.6,-0.2
17,19.67,0.1396,0.7656,0.3567,65.0,-9.4
18,20.17,0.1031,-0.3548,0.7661,-24.8,-7.0
19,20.67,-0.0598,-0.9877,0.0594,-86.6,3.5
20,21.17,-0.0105,-0.9877,0.0142,-89.2,0.6
21,21.67,-0.0072,-0.9894,0.0409,-87.6,0.4
22,22.17,-0.0062,-0.9906,0.0206,-88.8,0.4
23,22.67,-0.0056,-0.9909,0.0027,-89.8,0.3
24,23.17,-0.0050,-0.9910,0.0113,-89.3,0.3
25,23.67,-0.0051,-0.9902,0.0157,-89.1,0.3
26,24.17,-0.0039,-0.9905,0.0167,-89.0,0.2
27,24.67,-0.0049,-0.9900,0.0277,-88.4,0.3
28,25.17,0.0014,-0.9910,0.0679,-86.1,-0.1
29,25.67,-0.0542,-0.4469,0.8151,-28.7,3.3
30,26.17,-0.0689,0.0110,0.9688,0.7,4.1
31,26.67,-0.0748,0.0368,1.0342,2.0,4.1
32,27.17,-0.0746,0.0368,1.0351,2.0,4.1
33,27.67,-0.0742,0.0359,1.0335,2.0,4.1
34,28.17,-0.0749,0.0368,1.0347,2.0,4.1
35,28.67,-0.0749,0.0371,1.0360,2.1,4.1
36,29.17,-0.0753,0.0361,1.0332,2.0,4.2
37,29.67,-0.0747,0.0367,1.0339,2.0,4.1
38,30.17,-0.0750,0.0360,1.0361,2.0,4.1
39,30.67,-0.0743,0.0362,1.0343,2.0,4.1
40,31.17,-0.0774,0.0389,1.0318,2.2,4.3
41,31.67,-0.2309,0.0335,1.0037,1.9,12.9
42,32.17,-0.6997,0.0339,0.6871,2.8,45.5
43,32.67,-0.9890,0.0363,0.1057,19.0,83.6
44,33.17,-0.9862,0.0419,-0.0272,123.0,87.1
45,33.67,-0.9773,0.0637,-0.1441,156.1,80.8
46,34.17,-0.9762,0.0650,-0.1483,156.3,80.6
47,34.67,-0.9773,0.0633,-0.1448,156.4,80.8
48,35.17,-0.9774,0.0634,-0.1402,155.7,81.1
49,35.67,-0.9779,0.0646,-0.1439,155.8,80.8
50,36.17,-0.9734,0.0640,-0.1581,158.0,80.1
51,36.67,-0.9790,0.0623,-0.1371,155.6,81.3
52,37.17,-0.5204,-0.2431,0.7080,-19.0,34.8
53,37.67,0.3695,-0.2460,0.8522,-16.1,-22.6
54,38.17,0.7904,-0.0580,0.6312,-5.3,-51.3
55,38.67,0.8954,0.0846,0.4430,10.8,-63.3
56,39.17,1.0005,0.0260,0.1745,8.5,-80.0
57,39.67,0.9988,0.0292,0.1475,11.2,-81.4
58,40.17,1.0061,0.0290,0.0600,25.8,-86.2
59,40.67,1.0088,0.0315,0.0357,41.4,-87.3
60,41.17,1.0088,0.0301,0.0419,35.7,-87.1
61,41.67,1.0079,0.0305,0.0495,31.7,-86.7
62,42.17,1.0073,0.0308,0.0490,32.2,-86.7
63,42.67,1.0084,0.0308,0.0476,32.9,-86.8
64,43.17,1.0074,0.0312,0.0496,32.2,-86.7
65,43.67,1.0080,0.0310,0.0535,30.1,-86.5
66,44.17,1.0069,0.0311,0.0632,26.2,-86.0
67,44.67,1.0064,0.0302,0.0856,19.4,-84.8
68,45.17,0.6371,0.0374,0.6776,3.2,-43.2
69,45.67,0.0342,0.0385,0.9915,2.2,-2.0
70,46.17,-0.0710,0.0364,1.0349,2.0,3.9
71,46.67,-0.0721,0.0364,1.0340,2.0,4.0
72,47.17,-0.0724,0.0362,1.0351,2.0,4.0
73,47.67,-0.0716,0.0365,1.0353,2.0,4.0
74,48.17,-0.0724,0.0362,1.0355,2.0,4.0
75,48.67,-0.0718,0.0354,1.0352,2.0,4.0
76,49.17,-0.0724,0.0366,1.0345,2.0,4.0
77,49.67,-0.0724,0.0359,1.0360,2.0,4.0
78,50.17,-0.0725,0.0361,1.0347,2.0,4.0
79,50.67,-0.0714,0.0362,1.0352,2.0,3.9
80,51.17,-0.0726,0.0369,1.0354,2.0,4.0
81,51.67,-0.0729,0.0368,1.0352,2.0,4.0
82,52.17,-0.0735,0.0366,1.0349,2.0,4.1
83,52.67,-0.0722,0.0366,1.0354,2.0,4.0
84,53.17,-0.0726,0.0365,1.0346,2.0,4.0
85,53.67,-0.0721,0.0366,1.0352,2.0,4.0
86,54.17,-0.0731,0.0368,1.0345,2.0,4.0
87,54.67,-0.0726,0.0361,1.0343,2.0,4.0
88,55.17,-0.0733,0.0362,1.0344,2.0,4.1
89,55.67,-0.0732,0.0367,1.0344,2.0,4.0
90,56.17,-0.0734,0.0360,1.0351,2.0,4.1
91,56.67,-0.0737,0.0366,1.0355,2.0,4.1
92,57.17,-0.0718,0.0369,1.0357,2.0,4.0
93,57.67,-0.0727,0.0358,1.0352,2.0,4.0
94,58.17,-0.0734,0.0368,1.0350,2.0,4.1
95,58.67,-0.0724,0.0364,1.0341,2.0,4.0
96,59.17,-0.0727,0.0374,1.0358,2.1,4.0
97,59.67,-0.0731,0.0363,1.0348,2.0,4.0
98,60.17,-0.0720,0.0364,1.0338,2.0,4.0
99,60.67,-0.0726,0.0366,1.0349,2.0,4.0
